#gen-graphs.py --config experiment_graphs.json
# GMT Tue Apr  1 04:51:41 2025
# 
0 3597 3 1 2
1 3598 4 2
2 3599 5
3 6 4 5
4 7 5
5 8
6 9 7 8
7 10 8
8 11
9 12 10 11
10 13 11
11 14
12 15 13 14
13 16 14
14 17
15 18 16 17
16 19 17
17 20
18 21 19 20
19 22 20
20 23
21 24 22 23
22 25 23
23 26
24 27 25 26
25 28 26
26 29
27 30 28 29
28 31 29
29 32
30 33 31 32
31 34 32
32 35
33 36 34 35
34 37 35
35 38
36 39 37 38
37 40 38
38 41
39 42 40 41
40 43 41
41 44
42 45 43 44
43 46 44
44 47
45 48 46 47
46 49 47
47 50
48 51 49 50
49 52 50
50 53
51 54 52 53
52 55 53
53 56
54 57 55 56
55 58 56
56 59
57 60 58 59
58 61 59
59 62
60 63 61 62
61 64 62
62 65
63 66 64 65
64 67 65
65 68
66 69 67 68
67 70 68
68 71
69 72 70 71
70 73 71
71 74
72 75 73 74
73 76 74
74 77
75 78 76 77
76 79 77
77 80
78 81 79 80
79 82 80
80 83
81 84 82 83
82 85 83
83 86
84 87 85 86
85 88 86
86 89
87 90 88 89
88 91 89
89 92
90 93 91 92
91 94 92
92 95
93 96 94 95
94 97 95
95 98
96 99 97 98
97 100 98
98 101
99 102 100 101
100 103 101
101 104
102 105 103 104
103 106 104
104 107
105 108 106 107
106 109 107
107 110
108 111 109 110
109 112 110
110 113
111 114 112 113
112 115 113
113 116
114 117 115 116
115 118 116
116 119
117 120 118 119
118 121 119
119 122
120 123 121 122
121 124 122
122 125
123 126 124 125
124 127 125
125 128
126 129 127 128
127 130 128
128 131
129 132 130 131
130 133 131
131 134
132 135 133 134
133 136 134
134 137
135 138 136 137
136 139 137
137 140
138 141 139 140
139 142 140
140 143
141 144 142 143
142 145 143
143 146
144 147 145 146
145 148 146
146 149
147 150 148 149
148 151 149
149 152
150 153 151 152
151 154 152
152 155
153 156 154 155
154 157 155
155 158
156 159 157 158
157 160 158
158 161
159 162 160 161
160 163 161
161 164
162 165 163 164
163 166 164
164 167
165 168 166 167
166 169 167
167 170
168 171 169 170
169 172 170
170 173
171 174 172 173
172 175 173
173 176
174 177 175 176
175 178 176
176 179
177 180 178 179
178 181 179
179 182
180 183 181 182
181 184 182
182 185
183 186 184 185
184 187 185
185 188
186 189 187 188
187 190 188
188 191
189 192 190 191
190 193 191
191 194
192 195 193 194
193 196 194
194 197
195 198 196 197
196 199 197
197 200
198 201 199 200
199 202 200
200 203
201 204 202 203
202 205 203
203 206
204 207 205 206
205 208 206
206 209
207 210 208 209
208 211 209
209 212
210 213 211 212
211 214 212
212 215
213 216 214 215
214 217 215
215 218
216 219 217 218
217 220 218
218 221
219 222 220 221
220 223 221
221 224
222 225 223 224
223 226 224
224 227
225 228 226 227
226 229 227
227 230
228 231 229 230
229 232 230
230 233
231 234 232 233
232 235 233
233 236
234 237 235 236
235 238 236
236 239
237 240 238 239
238 241 239
239 242
240 243 241 242
241 244 242
242 245
243 246 244 245
244 247 245
245 248
246 249 247 248
247 250 248
248 251
249 252 250 251
250 253 251
251 254
252 255 253 254
253 256 254
254 257
255 258 256 257
256 259 257
257 260
258 261 259 260
259 262 260
260 263
261 264 262 263
262 265 263
263 266
264 267 265 266
265 268 266
266 269
267 270 268 269
268 271 269
269 272
270 273 271 272
271 274 272
272 275
273 276 274 275
274 277 275
275 278
276 279 277 278
277 280 278
278 281
279 282 280 281
280 283 281
281 284
282 285 283 284
283 286 284
284 287
285 288 286 287
286 289 287
287 290
288 291 289 290
289 292 290
290 293
291 294 292 293
292 295 293
293 296
294 297 295 296
295 298 296
296 299
297 300 298 299
298 301 299
299 302
300 303 301 302
301 304 302
302 305
303 306 304 305
304 307 305
305 308
306 309 307 308
307 310 308
308 311
309 312 310 311
310 313 311
311 314
312 315 313 314
313 316 314
314 317
315 318 316 317
316 319 317
317 320
318 321 319 320
319 322 320
320 323
321 324 322 323
322 325 323
323 326
324 327 325 326
325 328 326
326 329
327 330 328 329
328 331 329
329 332
330 333 331 332
331 334 332
332 335
333 336 334 335
334 337 335
335 338
336 339 337 338
337 340 338
338 341
339 342 340 341
340 343 341
341 344
342 345 343 344
343 346 344
344 347
345 348 346 347
346 349 347
347 350
348 351 349 350
349 352 350
350 353
351 354 352 353
352 355 353
353 356
354 357 355 356
355 358 356
356 359
357 360 358 359
358 361 359
359 362
360 363 361 362
361 364 362
362 365
363 366 364 365
364 367 365
365 368
366 369 367 368
367 370 368
368 371
369 372 370 371
370 373 371
371 374
372 375 373 374
373 376 374
374 377
375 378 376 377
376 379 377
377 380
378 381 379 380
379 382 380
380 383
381 384 382 383
382 385 383
383 386
384 387 385 386
385 388 386
386 389
387 390 388 389
388 391 389
389 392
390 393 391 392
391 394 392
392 395
393 396 394 395
394 397 395
395 398
396 399 397 398
397 400 398
398 401
399 402 400 401
400 403 401
401 404
402 405 403 404
403 406 404
404 407
405 408 406 407
406 409 407
407 410
408 411 409 410
409 412 410
410 413
411 414 412 413
412 415 413
413 416
414 417 415 416
415 418 416
416 419
417 420 418 419
418 421 419
419 422
420 423 421 422
421 424 422
422 425
423 426 424 425
424 427 425
425 428
426 429 427 428
427 430 428
428 431
429 432 430 431
430 433 431
431 434
432 435 433 434
433 436 434
434 437
435 438 436 437
436 439 437
437 440
438 441 439 440
439 442 440
440 443
441 444 442 443
442 445 443
443 446
444 447 445 446
445 448 446
446 449
447 450 448 449
448 451 449
449 452
450 453 451 452
451 454 452
452 455
453 456 454 455
454 457 455
455 458
456 459 457 458
457 460 458
458 461
459 462 460 461
460 463 461
461 464
462 465 463 464
463 466 464
464 467
465 468 466 467
466 469 467
467 470
468 471 469 470
469 472 470
470 473
471 474 472 473
472 475 473
473 476
474 477 475 476
475 478 476
476 479
477 480 478 479
478 481 479
479 482
480 483 481 482
481 484 482
482 485
483 486 484 485
484 487 485
485 488
486 489 487 488
487 490 488
488 491
489 492 490 491
490 493 491
491 494
492 495 493 494
493 496 494
494 497
495 498 496 497
496 499 497
497 500
498 501 499 500
499 502 500
500 503
501 504 502 503
502 505 503
503 506
504 507 505 506
505 508 506
506 509
507 510 508 509
508 511 509
509 512
510 513 511 512
511 514 512
512 515
513 516 514 515
514 517 515
515 518
516 519 517 518
517 520 518
518 521
519 522 520 521
520 523 521
521 524
522 525 523 524
523 526 524
524 527
525 528 526 527
526 529 527
527 530
528 531 529 530
529 532 530
530 533
531 534 532 533
532 535 533
533 536
534 537 535 536
535 538 536
536 539
537 540 538 539
538 541 539
539 542
540 543 541 542
541 544 542
542 545
543 546 544 545
544 547 545
545 548
546 549 547 548
547 550 548
548 551
549 552 550 551
550 553 551
551 554
552 555 553 554
553 556 554
554 557
555 558 556 557
556 559 557
557 560
558 561 559 560
559 562 560
560 563
561 564 562 563
562 565 563
563 566
564 567 565 566
565 568 566
566 569
567 570 568 569
568 571 569
569 572
570 573 571 572
571 574 572
572 575
573 576 574 575
574 577 575
575 578
576 579 577 578
577 580 578
578 581
579 582 580 581
580 583 581
581 584
582 585 583 584
583 586 584
584 587
585 588 586 587
586 589 587
587 590
588 591 589 590
589 592 590
590 593
591 594 592 593
592 595 593
593 596
594 597 595 596
595 598 596
596 599
597 600 598 599
598 601 599
599 602
600 603 601 602
601 604 602
602 605
603 606 604 605
604 607 605
605 608
606 609 607 608
607 610 608
608 611
609 612 610 611
610 613 611
611 614
612 615 613 614
613 616 614
614 617
615 618 616 617
616 619 617
617 620
618 621 619 620
619 622 620
620 623
621 624 622 623
622 625 623
623 626
624 627 625 626
625 628 626
626 629
627 630 628 629
628 631 629
629 632
630 633 631 632
631 634 632
632 635
633 636 634 635
634 637 635
635 638
636 639 637 638
637 640 638
638 641
639 642 640 641
640 643 641
641 644
642 645 643 644
643 646 644
644 647
645 648 646 647
646 649 647
647 650
648 651 649 650
649 652 650
650 653
651 654 652 653
652 655 653
653 656
654 657 655 656
655 658 656
656 659
657 660 658 659
658 661 659
659 662
660 663 661 662
661 664 662
662 665
663 666 664 665
664 667 665
665 668
666 669 667 668
667 670 668
668 671
669 672 670 671
670 673 671
671 674
672 675 673 674
673 676 674
674 677
675 678 676 677
676 679 677
677 680
678 681 679 680
679 682 680
680 683
681 684 682 683
682 685 683
683 686
684 687 685 686
685 688 686
686 689
687 690 688 689
688 691 689
689 692
690 693 691 692
691 694 692
692 695
693 696 694 695
694 697 695
695 698
696 699 697 698
697 700 698
698 701
699 702 700 701
700 703 701
701 704
702 705 703 704
703 706 704
704 707
705 708 706 707
706 709 707
707 710
708 711 709 710
709 712 710
710 713
711 714 712 713
712 715 713
713 716
714 717 715 716
715 718 716
716 719
717 720 718 719
718 721 719
719 722
720 723 721 722
721 724 722
722 725
723 726 724 725
724 727 725
725 728
726 729 727 728
727 730 728
728 731
729 732 730 731
730 733 731
731 734
732 735 733 734
733 736 734
734 737
735 738 736 737
736 739 737
737 740
738 741 739 740
739 742 740
740 743
741 744 742 743
742 745 743
743 746
744 747 745 746
745 748 746
746 749
747 750 748 749
748 751 749
749 752
750 753 751 752
751 754 752
752 755
753 756 754 755
754 757 755
755 758
756 759 757 758
757 760 758
758 761
759 762 760 761
760 763 761
761 764
762 765 763 764
763 766 764
764 767
765 768 766 767
766 769 767
767 770
768 771 769 770
769 772 770
770 773
771 774 772 773
772 775 773
773 776
774 777 775 776
775 778 776
776 779
777 780 778 779
778 781 779
779 782
780 783 781 782
781 784 782
782 785
783 786 784 785
784 787 785
785 788
786 789 787 788
787 790 788
788 791
789 792 790 791
790 793 791
791 794
792 795 793 794
793 796 794
794 797
795 798 796 797
796 799 797
797 800
798 801 799 800
799 802 800
800 803
801 804 802 803
802 805 803
803 806
804 807 805 806
805 808 806
806 809
807 810 808 809
808 811 809
809 812
810 813 811 812
811 814 812
812 815
813 816 814 815
814 817 815
815 818
816 819 817 818
817 820 818
818 821
819 822 820 821
820 823 821
821 824
822 825 823 824
823 826 824
824 827
825 828 826 827
826 829 827
827 830
828 831 829 830
829 832 830
830 833
831 834 832 833
832 835 833
833 836
834 837 835 836
835 838 836
836 839
837 840 838 839
838 841 839
839 842
840 843 841 842
841 844 842
842 845
843 846 844 845
844 847 845
845 848
846 849 847 848
847 850 848
848 851
849 852 850 851
850 853 851
851 854
852 855 853 854
853 856 854
854 857
855 858 856 857
856 859 857
857 860
858 861 859 860
859 862 860
860 863
861 864 862 863
862 865 863
863 866
864 867 865 866
865 868 866
866 869
867 870 868 869
868 871 869
869 872
870 873 871 872
871 874 872
872 875
873 876 874 875
874 877 875
875 878
876 879 877 878
877 880 878
878 881
879 882 880 881
880 883 881
881 884
882 885 883 884
883 886 884
884 887
885 888 886 887
886 889 887
887 890
888 891 889 890
889 892 890
890 893
891 894 892 893
892 895 893
893 896
894 897 895 896
895 898 896
896 899
897 900 898 899
898 901 899
899 902
900 903 901 902
901 904 902
902 905
903 906 904 905
904 907 905
905 908
906 909 907 908
907 910 908
908 911
909 912 910 911
910 913 911
911 914
912 915 913 914
913 916 914
914 917
915 918 916 917
916 919 917
917 920
918 921 919 920
919 922 920
920 923
921 924 922 923
922 925 923
923 926
924 927 925 926
925 928 926
926 929
927 930 928 929
928 931 929
929 932
930 933 931 932
931 934 932
932 935
933 936 934 935
934 937 935
935 938
936 939 937 938
937 940 938
938 941
939 942 940 941
940 943 941
941 944
942 945 943 944
943 946 944
944 947
945 948 946 947
946 949 947
947 950
948 951 949 950
949 952 950
950 953
951 954 952 953
952 955 953
953 956
954 957 955 956
955 958 956
956 959
957 960 958 959
958 961 959
959 962
960 963 961 962
961 964 962
962 965
963 966 964 965
964 967 965
965 968
966 969 967 968
967 970 968
968 971
969 972 970 971
970 973 971
971 974
972 975 973 974
973 976 974
974 977
975 978 976 977
976 979 977
977 980
978 981 979 980
979 982 980
980 983
981 984 982 983
982 985 983
983 986
984 987 985 986
985 988 986
986 989
987 990 988 989
988 991 989
989 992
990 993 991 992
991 994 992
992 995
993 996 994 995
994 997 995
995 998
996 999 997 998
997 1000 998
998 1001
999 1002 1000 1001
1000 1003 1001
1001 1004
1002 1005 1003 1004
1003 1006 1004
1004 1007
1005 1008 1006 1007
1006 1009 1007
1007 1010
1008 1011 1009 1010
1009 1012 1010
1010 1013
1011 1014 1012 1013
1012 1015 1013
1013 1016
1014 1017 1015 1016
1015 1018 1016
1016 1019
1017 1020 1018 1019
1018 1021 1019
1019 1022
1020 1023 1021 1022
1021 1024 1022
1022 1025
1023 1026 1024 1025
1024 1027 1025
1025 1028
1026 1029 1027 1028
1027 1030 1028
1028 1031
1029 1032 1030 1031
1030 1033 1031
1031 1034
1032 1035 1033 1034
1033 1036 1034
1034 1037
1035 1038 1036 1037
1036 1039 1037
1037 1040
1038 1041 1039 1040
1039 1042 1040
1040 1043
1041 1044 1042 1043
1042 1045 1043
1043 1046
1044 1047 1045 1046
1045 1048 1046
1046 1049
1047 1050 1048 1049
1048 1051 1049
1049 1052
1050 1053 1051 1052
1051 1054 1052
1052 1055
1053 1056 1054 1055
1054 1057 1055
1055 1058
1056 1059 1057 1058
1057 1060 1058
1058 1061
1059 1062 1060 1061
1060 1063 1061
1061 1064
1062 1065 1063 1064
1063 1066 1064
1064 1067
1065 1068 1066 1067
1066 1069 1067
1067 1070
1068 1071 1069 1070
1069 1072 1070
1070 1073
1071 1074 1072 1073
1072 1075 1073
1073 1076
1074 1077 1075 1076
1075 1078 1076
1076 1079
1077 1080 1078 1079
1078 1081 1079
1079 1082
1080 1083 1081 1082
1081 1084 1082
1082 1085
1083 1086 1084 1085
1084 1087 1085
1085 1088
1086 1089 1087 1088
1087 1090 1088
1088 1091
1089 1092 1090 1091
1090 1093 1091
1091 1094
1092 1095 1093 1094
1093 1096 1094
1094 1097
1095 1098 1096 1097
1096 1099 1097
1097 1100
1098 1101 1099 1100
1099 1102 1100
1100 1103
1101 1104 1102 1103
1102 1105 1103
1103 1106
1104 1107 1105 1106
1105 1108 1106
1106 1109
1107 1110 1108 1109
1108 1111 1109
1109 1112
1110 1113 1111 1112
1111 1114 1112
1112 1115
1113 1116 1114 1115
1114 1117 1115
1115 1118
1116 1119 1117 1118
1117 1120 1118
1118 1121
1119 1122 1120 1121
1120 1123 1121
1121 1124
1122 1125 1123 1124
1123 1126 1124
1124 1127
1125 1128 1126 1127
1126 1129 1127
1127 1130
1128 1131 1129 1130
1129 1132 1130
1130 1133
1131 1134 1132 1133
1132 1135 1133
1133 1136
1134 1137 1135 1136
1135 1138 1136
1136 1139
1137 1140 1138 1139
1138 1141 1139
1139 1142
1140 1143 1141 1142
1141 1144 1142
1142 1145
1143 1146 1144 1145
1144 1147 1145
1145 1148
1146 1149 1147 1148
1147 1150 1148
1148 1151
1149 1152 1150 1151
1150 1153 1151
1151 1154
1152 1155 1153 1154
1153 1156 1154
1154 1157
1155 1158 1156 1157
1156 1159 1157
1157 1160
1158 1161 1159 1160
1159 1162 1160
1160 1163
1161 1164 1162 1163
1162 1165 1163
1163 1166
1164 1167 1165 1166
1165 1168 1166
1166 1169
1167 1170 1168 1169
1168 1171 1169
1169 1172
1170 1173 1171 1172
1171 1174 1172
1172 1175
1173 1176 1174 1175
1174 1177 1175
1175 1178
1176 1179 1177 1178
1177 1180 1178
1178 1181
1179 1182 1180 1181
1180 1183 1181
1181 1184
1182 1185 1183 1184
1183 1186 1184
1184 1187
1185 1188 1186 1187
1186 1189 1187
1187 1190
1188 1191 1189 1190
1189 1192 1190
1190 1193
1191 1194 1192 1193
1192 1195 1193
1193 1196
1194 1197 1195 1196
1195 1198 1196
1196 1199
1197 1200 1198 1199
1198 1201 1199
1199 1202
1200 1203 1201 1202
1201 1204 1202
1202 1205
1203 1206 1204 1205
1204 1207 1205
1205 1208
1206 1209 1207 1208
1207 1210 1208
1208 1211
1209 1212 1210 1211
1210 1213 1211
1211 1214
1212 1215 1213 1214
1213 1216 1214
1214 1217
1215 1218 1216 1217
1216 1219 1217
1217 1220
1218 1221 1219 1220
1219 1222 1220
1220 1223
1221 1224 1222 1223
1222 1225 1223
1223 1226
1224 1227 1225 1226
1225 1228 1226
1226 1229
1227 1230 1228 1229
1228 1231 1229
1229 1232
1230 1233 1231 1232
1231 1234 1232
1232 1235
1233 1236 1234 1235
1234 1237 1235
1235 1238
1236 1239 1237 1238
1237 1240 1238
1238 1241
1239 1242 1240 1241
1240 1243 1241
1241 1244
1242 1245 1243 1244
1243 1246 1244
1244 1247
1245 1248 1246 1247
1246 1249 1247
1247 1250
1248 1251 1249 1250
1249 1252 1250
1250 1253
1251 1254 1252 1253
1252 1255 1253
1253 1256
1254 1257 1255 1256
1255 1258 1256
1256 1259
1257 1260 1258 1259
1258 1261 1259
1259 1262
1260 1263 1261 1262
1261 1264 1262
1262 1265
1263 1266 1264 1265
1264 1267 1265
1265 1268
1266 1269 1267 1268
1267 1270 1268
1268 1271
1269 1272 1270 1271
1270 1273 1271
1271 1274
1272 1275 1273 1274
1273 1276 1274
1274 1277
1275 1278 1276 1277
1276 1279 1277
1277 1280
1278 1281 1279 1280
1279 1282 1280
1280 1283
1281 1284 1282 1283
1282 1285 1283
1283 1286
1284 1287 1285 1286
1285 1288 1286
1286 1289
1287 1290 1288 1289
1288 1291 1289
1289 1292
1290 1293 1291 1292
1291 1294 1292
1292 1295
1293 1296 1294 1295
1294 1297 1295
1295 1298
1296 1299 1297 1298
1297 1300 1298
1298 1301
1299 1302 1300 1301
1300 1303 1301
1301 1304
1302 1305 1303 1304
1303 1306 1304
1304 1307
1305 1308 1306 1307
1306 1309 1307
1307 1310
1308 1311 1309 1310
1309 1312 1310
1310 1313
1311 1314 1312 1313
1312 1315 1313
1313 1316
1314 1317 1315 1316
1315 1318 1316
1316 1319
1317 1320 1318 1319
1318 1321 1319
1319 1322
1320 1323 1321 1322
1321 1324 1322
1322 1325
1323 1326 1324 1325
1324 1327 1325
1325 1328
1326 1329 1327 1328
1327 1330 1328
1328 1331
1329 1332 1330 1331
1330 1333 1331
1331 1334
1332 1335 1333 1334
1333 1336 1334
1334 1337
1335 1338 1336 1337
1336 1339 1337
1337 1340
1338 1341 1339 1340
1339 1342 1340
1340 1343
1341 1344 1342 1343
1342 1345 1343
1343 1346
1344 1347 1345 1346
1345 1348 1346
1346 1349
1347 1350 1348 1349
1348 1351 1349
1349 1352
1350 1353 1351 1352
1351 1354 1352
1352 1355
1353 1356 1354 1355
1354 1357 1355
1355 1358
1356 1359 1357 1358
1357 1360 1358
1358 1361
1359 1362 1360 1361
1360 1363 1361
1361 1364
1362 1365 1363 1364
1363 1366 1364
1364 1367
1365 1368 1366 1367
1366 1369 1367
1367 1370
1368 1371 1369 1370
1369 1372 1370
1370 1373
1371 1374 1372 1373
1372 1375 1373
1373 1376
1374 1377 1375 1376
1375 1378 1376
1376 1379
1377 1380 1378 1379
1378 1381 1379
1379 1382
1380 1383 1381 1382
1381 1384 1382
1382 1385
1383 1386 1384 1385
1384 1387 1385
1385 1388
1386 1389 1387 1388
1387 1390 1388
1388 1391
1389 1392 1390 1391
1390 1393 1391
1391 1394
1392 1395 1393 1394
1393 1396 1394
1394 1397
1395 1398 1396 1397
1396 1399 1397
1397 1400
1398 1401 1399 1400
1399 1402 1400
1400 1403
1401 1404 1402 1403
1402 1405 1403
1403 1406
1404 1407 1405 1406
1405 1408 1406
1406 1409
1407 1410 1408 1409
1408 1411 1409
1409 1412
1410 1413 1411 1412
1411 1414 1412
1412 1415
1413 1416 1414 1415
1414 1417 1415
1415 1418
1416 1419 1417 1418
1417 1420 1418
1418 1421
1419 1422 1420 1421
1420 1423 1421
1421 1424
1422 1425 1423 1424
1423 1426 1424
1424 1427
1425 1428 1426 1427
1426 1429 1427
1427 1430
1428 1431 1429 1430
1429 1432 1430
1430 1433
1431 1434 1432 1433
1432 1435 1433
1433 1436
1434 1437 1435 1436
1435 1438 1436
1436 1439
1437 1440 1438 1439
1438 1441 1439
1439 1442
1440 1443 1441 1442
1441 1444 1442
1442 1445
1443 1446 1444 1445
1444 1447 1445
1445 1448
1446 1449 1447 1448
1447 1450 1448
1448 1451
1449 1452 1450 1451
1450 1453 1451
1451 1454
1452 1455 1453 1454
1453 1456 1454
1454 1457
1455 1458 1456 1457
1456 1459 1457
1457 1460
1458 1461 1459 1460
1459 1462 1460
1460 1463
1461 1464 1462 1463
1462 1465 1463
1463 1466
1464 1467 1465 1466
1465 1468 1466
1466 1469
1467 1470 1468 1469
1468 1471 1469
1469 1472
1470 1473 1471 1472
1471 1474 1472
1472 1475
1473 1476 1474 1475
1474 1477 1475
1475 1478
1476 1479 1477 1478
1477 1480 1478
1478 1481
1479 1482 1480 1481
1480 1483 1481
1481 1484
1482 1485 1483 1484
1483 1486 1484
1484 1487
1485 1488 1486 1487
1486 1489 1487
1487 1490
1488 1491 1489 1490
1489 1492 1490
1490 1493
1491 1494 1492 1493
1492 1495 1493
1493 1496
1494 1497 1495 1496
1495 1498 1496
1496 1499
1497 1500 1498 1499
1498 1501 1499
1499 1502
1500 1503 1501 1502
1501 1504 1502
1502 1505
1503 1506 1504 1505
1504 1507 1505
1505 1508
1506 1509 1507 1508
1507 1510 1508
1508 1511
1509 1512 1510 1511
1510 1513 1511
1511 1514
1512 1515 1513 1514
1513 1516 1514
1514 1517
1515 1518 1516 1517
1516 1519 1517
1517 1520
1518 1521 1519 1520
1519 1522 1520
1520 1523
1521 1524 1522 1523
1522 1525 1523
1523 1526
1524 1527 1525 1526
1525 1528 1526
1526 1529
1527 1530 1528 1529
1528 1531 1529
1529 1532
1530 1533 1531 1532
1531 1534 1532
1532 1535
1533 1536 1534 1535
1534 1537 1535
1535 1538
1536 1539 1537 1538
1537 1540 1538
1538 1541
1539 1542 1540 1541
1540 1543 1541
1541 1544
1542 1545 1543 1544
1543 1546 1544
1544 1547
1545 1548 1546 1547
1546 1549 1547
1547 1550
1548 1551 1549 1550
1549 1552 1550
1550 1553
1551 1554 1552 1553
1552 1555 1553
1553 1556
1554 1557 1555 1556
1555 1558 1556
1556 1559
1557 1560 1558 1559
1558 1561 1559
1559 1562
1560 1563 1561 1562
1561 1564 1562
1562 1565
1563 1566 1564 1565
1564 1567 1565
1565 1568
1566 1569 1567 1568
1567 1570 1568
1568 1571
1569 1572 1570 1571
1570 1573 1571
1571 1574
1572 1575 1573 1574
1573 1576 1574
1574 1577
1575 1578 1576 1577
1576 1579 1577
1577 1580
1578 1581 1579 1580
1579 1582 1580
1580 1583
1581 1584 1582 1583
1582 1585 1583
1583 1586
1584 1587 1585 1586
1585 1588 1586
1586 1589
1587 1590 1588 1589
1588 1591 1589
1589 1592
1590 1593 1591 1592
1591 1594 1592
1592 1595
1593 1596 1594 1595
1594 1597 1595
1595 1598
1596 1599 1597 1598
1597 1600 1598
1598 1601
1599 1602 1600 1601
1600 1603 1601
1601 1604
1602 1605 1603 1604
1603 1606 1604
1604 1607
1605 1608 1606 1607
1606 1609 1607
1607 1610
1608 1611 1609 1610
1609 1612 1610
1610 1613
1611 1614 1612 1613
1612 1615 1613
1613 1616
1614 1617 1615 1616
1615 1618 1616
1616 1619
1617 1620 1618 1619
1618 1621 1619
1619 1622
1620 1623 1621 1622
1621 1624 1622
1622 1625
1623 1626 1624 1625
1624 1627 1625
1625 1628
1626 1629 1627 1628
1627 1630 1628
1628 1631
1629 1632 1630 1631
1630 1633 1631
1631 1634
1632 1635 1633 1634
1633 1636 1634
1634 1637
1635 1638 1636 1637
1636 1639 1637
1637 1640
1638 1641 1639 1640
1639 1642 1640
1640 1643
1641 1644 1642 1643
1642 1645 1643
1643 1646
1644 1647 1645 1646
1645 1648 1646
1646 1649
1647 1650 1648 1649
1648 1651 1649
1649 1652
1650 1653 1651 1652
1651 1654 1652
1652 1655
1653 1656 1654 1655
1654 1657 1655
1655 1658
1656 1659 1657 1658
1657 1660 1658
1658 1661
1659 1662 1660 1661
1660 1663 1661
1661 1664
1662 1665 1663 1664
1663 1666 1664
1664 1667
1665 1668 1666 1667
1666 1669 1667
1667 1670
1668 1671 1669 1670
1669 1672 1670
1670 1673
1671 1674 1672 1673
1672 1675 1673
1673 1676
1674 1677 1675 1676
1675 1678 1676
1676 1679
1677 1680 1678 1679
1678 1681 1679
1679 1682
1680 1683 1681 1682
1681 1684 1682
1682 1685
1683 1686 1684 1685
1684 1687 1685
1685 1688
1686 1689 1687 1688
1687 1690 1688
1688 1691
1689 1692 1690 1691
1690 1693 1691
1691 1694
1692 1695 1693 1694
1693 1696 1694
1694 1697
1695 1698 1696 1697
1696 1699 1697
1697 1700
1698 1701 1699 1700
1699 1702 1700
1700 1703
1701 1704 1702 1703
1702 1705 1703
1703 1706
1704 1707 1705 1706
1705 1708 1706
1706 1709
1707 1710 1708 1709
1708 1711 1709
1709 1712
1710 1713 1711 1712
1711 1714 1712
1712 1715
1713 1716 1714 1715
1714 1717 1715
1715 1718
1716 1719 1717 1718
1717 1720 1718
1718 1721
1719 1722 1720 1721
1720 1723 1721
1721 1724
1722 1725 1723 1724
1723 1726 1724
1724 1727
1725 1728 1726 1727
1726 1729 1727
1727 1730
1728 1731 1729 1730
1729 1732 1730
1730 1733
1731 1734 1732 1733
1732 1735 1733
1733 1736
1734 1737 1735 1736
1735 1738 1736
1736 1739
1737 1740 1738 1739
1738 1741 1739
1739 1742
1740 1743 1741 1742
1741 1744 1742
1742 1745
1743 1746 1744 1745
1744 1747 1745
1745 1748
1746 1749 1747 1748
1747 1750 1748
1748 1751
1749 1752 1750 1751
1750 1753 1751
1751 1754
1752 1755 1753 1754
1753 1756 1754
1754 1757
1755 1758 1756 1757
1756 1759 1757
1757 1760
1758 1761 1759 1760
1759 1762 1760
1760 1763
1761 1764 1762 1763
1762 1765 1763
1763 1766
1764 1767 1765 1766
1765 1768 1766
1766 1769
1767 1770 1768 1769
1768 1771 1769
1769 1772
1770 1773 1771 1772
1771 1774 1772
1772 1775
1773 1776 1774 1775
1774 1777 1775
1775 1778
1776 1779 1777 1778
1777 1780 1778
1778 1781
1779 1782 1780 1781
1780 1783 1781
1781 1784
1782 1785 1783 1784
1783 1786 1784
1784 1787
1785 1788 1786 1787
1786 1789 1787
1787 1790
1788 1791 1789 1790
1789 1792 1790
1790 1793
1791 1794 1792 1793
1792 1795 1793
1793 1796
1794 1797 1795 1796
1795 1798 1796
1796 1799
1797 1800 1798 1799
1798 1801 1799
1799 1802
1800 1803 1801 1802
1801 1804 1802
1802 1805
1803 1806 1804 1805
1804 1807 1805
1805 1808
1806 1809 1807 1808
1807 1810 1808
1808 1811
1809 1812 1810 1811
1810 1813 1811
1811 1814
1812 1815 1813 1814
1813 1816 1814
1814 1817
1815 1818 1816 1817
1816 1819 1817
1817 1820
1818 1821 1819 1820
1819 1822 1820
1820 1823
1821 1824 1822 1823
1822 1825 1823
1823 1826
1824 1827 1825 1826
1825 1828 1826
1826 1829
1827 1830 1828 1829
1828 1831 1829
1829 1832
1830 1833 1831 1832
1831 1834 1832
1832 1835
1833 1836 1834 1835
1834 1837 1835
1835 1838
1836 1839 1837 1838
1837 1840 1838
1838 1841
1839 1842 1840 1841
1840 1843 1841
1841 1844
1842 1845 1843 1844
1843 1846 1844
1844 1847
1845 1848 1846 1847
1846 1849 1847
1847 1850
1848 1851 1849 1850
1849 1852 1850
1850 1853
1851 1854 1852 1853
1852 1855 1853
1853 1856
1854 1857 1855 1856
1855 1858 1856
1856 1859
1857 1860 1858 1859
1858 1861 1859
1859 1862
1860 1863 1861 1862
1861 1864 1862
1862 1865
1863 1866 1864 1865
1864 1867 1865
1865 1868
1866 1869 1867 1868
1867 1870 1868
1868 1871
1869 1872 1870 1871
1870 1873 1871
1871 1874
1872 1875 1873 1874
1873 1876 1874
1874 1877
1875 1878 1876 1877
1876 1879 1877
1877 1880
1878 1881 1879 1880
1879 1882 1880
1880 1883
1881 1884 1882 1883
1882 1885 1883
1883 1886
1884 1887 1885 1886
1885 1888 1886
1886 1889
1887 1890 1888 1889
1888 1891 1889
1889 1892
1890 1893 1891 1892
1891 1894 1892
1892 1895
1893 1896 1894 1895
1894 1897 1895
1895 1898
1896 1899 1897 1898
1897 1900 1898
1898 1901
1899 1902 1900 1901
1900 1903 1901
1901 1904
1902 1905 1903 1904
1903 1906 1904
1904 1907
1905 1908 1906 1907
1906 1909 1907
1907 1910
1908 1911 1909 1910
1909 1912 1910
1910 1913
1911 1914 1912 1913
1912 1915 1913
1913 1916
1914 1917 1915 1916
1915 1918 1916
1916 1919
1917 1920 1918 1919
1918 1921 1919
1919 1922
1920 1923 1921 1922
1921 1924 1922
1922 1925
1923 1926 1924 1925
1924 1927 1925
1925 1928
1926 1929 1927 1928
1927 1930 1928
1928 1931
1929 1932 1930 1931
1930 1933 1931
1931 1934
1932 1935 1933 1934
1933 1936 1934
1934 1937
1935 1938 1936 1937
1936 1939 1937
1937 1940
1938 1941 1939 1940
1939 1942 1940
1940 1943
1941 1944 1942 1943
1942 1945 1943
1943 1946
1944 1947 1945 1946
1945 1948 1946
1946 1949
1947 1950 1948 1949
1948 1951 1949
1949 1952
1950 1953 1951 1952
1951 1954 1952
1952 1955
1953 1956 1954 1955
1954 1957 1955
1955 1958
1956 1959 1957 1958
1957 1960 1958
1958 1961
1959 1962 1960 1961
1960 1963 1961
1961 1964
1962 1965 1963 1964
1963 1966 1964
1964 1967
1965 1968 1966 1967
1966 1969 1967
1967 1970
1968 1971 1969 1970
1969 1972 1970
1970 1973
1971 1974 1972 1973
1972 1975 1973
1973 1976
1974 1977 1975 1976
1975 1978 1976
1976 1979
1977 1980 1978 1979
1978 1981 1979
1979 1982
1980 1983 1981 1982
1981 1984 1982
1982 1985
1983 1986 1984 1985
1984 1987 1985
1985 1988
1986 1989 1987 1988
1987 1990 1988
1988 1991
1989 1992 1990 1991
1990 1993 1991
1991 1994
1992 1995 1993 1994
1993 1996 1994
1994 1997
1995 1998 1996 1997
1996 1999 1997
1997 2000
1998 2001 1999 2000
1999 2002 2000
2000 2003
2001 2004 2002 2003
2002 2005 2003
2003 2006
2004 2007 2005 2006
2005 2008 2006
2006 2009
2007 2010 2008 2009
2008 2011 2009
2009 2012
2010 2013 2011 2012
2011 2014 2012
2012 2015
2013 2016 2014 2015
2014 2017 2015
2015 2018
2016 2019 2017 2018
2017 2020 2018
2018 2021
2019 2022 2020 2021
2020 2023 2021
2021 2024
2022 2025 2023 2024
2023 2026 2024
2024 2027
2025 2028 2026 2027
2026 2029 2027
2027 2030
2028 2031 2029 2030
2029 2032 2030
2030 2033
2031 2034 2032 2033
2032 2035 2033
2033 2036
2034 2037 2035 2036
2035 2038 2036
2036 2039
2037 2040 2038 2039
2038 2041 2039
2039 2042
2040 2043 2041 2042
2041 2044 2042
2042 2045
2043 2046 2044 2045
2044 2047 2045
2045 2048
2046 2049 2047 2048
2047 2050 2048
2048 2051
2049 2052 2050 2051
2050 2053 2051
2051 2054
2052 2055 2053 2054
2053 2056 2054
2054 2057
2055 2058 2056 2057
2056 2059 2057
2057 2060
2058 2061 2059 2060
2059 2062 2060
2060 2063
2061 2064 2062 2063
2062 2065 2063
2063 2066
2064 2067 2065 2066
2065 2068 2066
2066 2069
2067 2070 2068 2069
2068 2071 2069
2069 2072
2070 2073 2071 2072
2071 2074 2072
2072 2075
2073 2076 2074 2075
2074 2077 2075
2075 2078
2076 2079 2077 2078
2077 2080 2078
2078 2081
2079 2082 2080 2081
2080 2083 2081
2081 2084
2082 2085 2083 2084
2083 2086 2084
2084 2087
2085 2088 2086 2087
2086 2089 2087
2087 2090
2088 2091 2089 2090
2089 2092 2090
2090 2093
2091 2094 2092 2093
2092 2095 2093
2093 2096
2094 2097 2095 2096
2095 2098 2096
2096 2099
2097 2100 2098 2099
2098 2101 2099
2099 2102
2100 2103 2101 2102
2101 2104 2102
2102 2105
2103 2106 2104 2105
2104 2107 2105
2105 2108
2106 2109 2107 2108
2107 2110 2108
2108 2111
2109 2112 2110 2111
2110 2113 2111
2111 2114
2112 2115 2113 2114
2113 2116 2114
2114 2117
2115 2118 2116 2117
2116 2119 2117
2117 2120
2118 2121 2119 2120
2119 2122 2120
2120 2123
2121 2124 2122 2123
2122 2125 2123
2123 2126
2124 2127 2125 2126
2125 2128 2126
2126 2129
2127 2130 2128 2129
2128 2131 2129
2129 2132
2130 2133 2131 2132
2131 2134 2132
2132 2135
2133 2136 2134 2135
2134 2137 2135
2135 2138
2136 2139 2137 2138
2137 2140 2138
2138 2141
2139 2142 2140 2141
2140 2143 2141
2141 2144
2142 2145 2143 2144
2143 2146 2144
2144 2147
2145 2148 2146 2147
2146 2149 2147
2147 2150
2148 2151 2149 2150
2149 2152 2150
2150 2153
2151 2154 2152 2153
2152 2155 2153
2153 2156
2154 2157 2155 2156
2155 2158 2156
2156 2159
2157 2160 2158 2159
2158 2161 2159
2159 2162
2160 2163 2161 2162
2161 2164 2162
2162 2165
2163 2166 2164 2165
2164 2167 2165
2165 2168
2166 2169 2167 2168
2167 2170 2168
2168 2171
2169 2172 2170 2171
2170 2173 2171
2171 2174
2172 2175 2173 2174
2173 2176 2174
2174 2177
2175 2178 2176 2177
2176 2179 2177
2177 2180
2178 2181 2179 2180
2179 2182 2180
2180 2183
2181 2184 2182 2183
2182 2185 2183
2183 2186
2184 2187 2185 2186
2185 2188 2186
2186 2189
2187 2190 2188 2189
2188 2191 2189
2189 2192
2190 2193 2191 2192
2191 2194 2192
2192 2195
2193 2196 2194 2195
2194 2197 2195
2195 2198
2196 2199 2197 2198
2197 2200 2198
2198 2201
2199 2202 2200 2201
2200 2203 2201
2201 2204
2202 2205 2203 2204
2203 2206 2204
2204 2207
2205 2208 2206 2207
2206 2209 2207
2207 2210
2208 2211 2209 2210
2209 2212 2210
2210 2213
2211 2214 2212 2213
2212 2215 2213
2213 2216
2214 2217 2215 2216
2215 2218 2216
2216 2219
2217 2220 2218 2219
2218 2221 2219
2219 2222
2220 2223 2221 2222
2221 2224 2222
2222 2225
2223 2226 2224 2225
2224 2227 2225
2225 2228
2226 2229 2227 2228
2227 2230 2228
2228 2231
2229 2232 2230 2231
2230 2233 2231
2231 2234
2232 2235 2233 2234
2233 2236 2234
2234 2237
2235 2238 2236 2237
2236 2239 2237
2237 2240
2238 2241 2239 2240
2239 2242 2240
2240 2243
2241 2244 2242 2243
2242 2245 2243
2243 2246
2244 2247 2245 2246
2245 2248 2246
2246 2249
2247 2250 2248 2249
2248 2251 2249
2249 2252
2250 2253 2251 2252
2251 2254 2252
2252 2255
2253 2256 2254 2255
2254 2257 2255
2255 2258
2256 2259 2257 2258
2257 2260 2258
2258 2261
2259 2262 2260 2261
2260 2263 2261
2261 2264
2262 2265 2263 2264
2263 2266 2264
2264 2267
2265 2268 2266 2267
2266 2269 2267
2267 2270
2268 2271 2269 2270
2269 2272 2270
2270 2273
2271 2274 2272 2273
2272 2275 2273
2273 2276
2274 2277 2275 2276
2275 2278 2276
2276 2279
2277 2280 2278 2279
2278 2281 2279
2279 2282
2280 2283 2281 2282
2281 2284 2282
2282 2285
2283 2286 2284 2285
2284 2287 2285
2285 2288
2286 2289 2287 2288
2287 2290 2288
2288 2291
2289 2292 2290 2291
2290 2293 2291
2291 2294
2292 2295 2293 2294
2293 2296 2294
2294 2297
2295 2298 2296 2297
2296 2299 2297
2297 2300
2298 2301 2299 2300
2299 2302 2300
2300 2303
2301 2304 2302 2303
2302 2305 2303
2303 2306
2304 2307 2305 2306
2305 2308 2306
2306 2309
2307 2310 2308 2309
2308 2311 2309
2309 2312
2310 2313 2311 2312
2311 2314 2312
2312 2315
2313 2316 2314 2315
2314 2317 2315
2315 2318
2316 2319 2317 2318
2317 2320 2318
2318 2321
2319 2322 2320 2321
2320 2323 2321
2321 2324
2322 2325 2323 2324
2323 2326 2324
2324 2327
2325 2328 2326 2327
2326 2329 2327
2327 2330
2328 2331 2329 2330
2329 2332 2330
2330 2333
2331 2334 2332 2333
2332 2335 2333
2333 2336
2334 2337 2335 2336
2335 2338 2336
2336 2339
2337 2340 2338 2339
2338 2341 2339
2339 2342
2340 2343 2341 2342
2341 2344 2342
2342 2345
2343 2346 2344 2345
2344 2347 2345
2345 2348
2346 2349 2347 2348
2347 2350 2348
2348 2351
2349 2352 2350 2351
2350 2353 2351
2351 2354
2352 2355 2353 2354
2353 2356 2354
2354 2357
2355 2358 2356 2357
2356 2359 2357
2357 2360
2358 2361 2359 2360
2359 2362 2360
2360 2363
2361 2364 2362 2363
2362 2365 2363
2363 2366
2364 2367 2365 2366
2365 2368 2366
2366 2369
2367 2370 2368 2369
2368 2371 2369
2369 2372
2370 2373 2371 2372
2371 2374 2372
2372 2375
2373 2376 2374 2375
2374 2377 2375
2375 2378
2376 2379 2377 2378
2377 2380 2378
2378 2381
2379 2382 2380 2381
2380 2383 2381
2381 2384
2382 2385 2383 2384
2383 2386 2384
2384 2387
2385 2388 2386 2387
2386 2389 2387
2387 2390
2388 2391 2389 2390
2389 2392 2390
2390 2393
2391 2394 2392 2393
2392 2395 2393
2393 2396
2394 2397 2395 2396
2395 2398 2396
2396 2399
2397 2400 2398 2399
2398 2401 2399
2399 2402
2400 2403 2401 2402
2401 2404 2402
2402 2405
2403 2406 2404 2405
2404 2407 2405
2405 2408
2406 2409 2407 2408
2407 2410 2408
2408 2411
2409 2412 2410 2411
2410 2413 2411
2411 2414
2412 2415 2413 2414
2413 2416 2414
2414 2417
2415 2418 2416 2417
2416 2419 2417
2417 2420
2418 2421 2419 2420
2419 2422 2420
2420 2423
2421 2424 2422 2423
2422 2425 2423
2423 2426
2424 2427 2425 2426
2425 2428 2426
2426 2429
2427 2430 2428 2429
2428 2431 2429
2429 2432
2430 2433 2431 2432
2431 2434 2432
2432 2435
2433 2436 2434 2435
2434 2437 2435
2435 2438
2436 2439 2437 2438
2437 2440 2438
2438 2441
2439 2442 2440 2441
2440 2443 2441
2441 2444
2442 2445 2443 2444
2443 2446 2444
2444 2447
2445 2448 2446 2447
2446 2449 2447
2447 2450
2448 2451 2449 2450
2449 2452 2450
2450 2453
2451 2454 2452 2453
2452 2455 2453
2453 2456
2454 2457 2455 2456
2455 2458 2456
2456 2459
2457 2460 2458 2459
2458 2461 2459
2459 2462
2460 2463 2461 2462
2461 2464 2462
2462 2465
2463 2466 2464 2465
2464 2467 2465
2465 2468
2466 2469 2467 2468
2467 2470 2468
2468 2471
2469 2472 2470 2471
2470 2473 2471
2471 2474
2472 2475 2473 2474
2473 2476 2474
2474 2477
2475 2478 2476 2477
2476 2479 2477
2477 2480
2478 2481 2479 2480
2479 2482 2480
2480 2483
2481 2484 2482 2483
2482 2485 2483
2483 2486
2484 2487 2485 2486
2485 2488 2486
2486 2489
2487 2490 2488 2489
2488 2491 2489
2489 2492
2490 2493 2491 2492
2491 2494 2492
2492 2495
2493 2496 2494 2495
2494 2497 2495
2495 2498
2496 2499 2497 2498
2497 2500 2498
2498 2501
2499 2502 2500 2501
2500 2503 2501
2501 2504
2502 2505 2503 2504
2503 2506 2504
2504 2507
2505 2508 2506 2507
2506 2509 2507
2507 2510
2508 2511 2509 2510
2509 2512 2510
2510 2513
2511 2514 2512 2513
2512 2515 2513
2513 2516
2514 2517 2515 2516
2515 2518 2516
2516 2519
2517 2520 2518 2519
2518 2521 2519
2519 2522
2520 2523 2521 2522
2521 2524 2522
2522 2525
2523 2526 2524 2525
2524 2527 2525
2525 2528
2526 2529 2527 2528
2527 2530 2528
2528 2531
2529 2532 2530 2531
2530 2533 2531
2531 2534
2532 2535 2533 2534
2533 2536 2534
2534 2537
2535 2538 2536 2537
2536 2539 2537
2537 2540
2538 2541 2539 2540
2539 2542 2540
2540 2543
2541 2544 2542 2543
2542 2545 2543
2543 2546
2544 2547 2545 2546
2545 2548 2546
2546 2549
2547 2550 2548 2549
2548 2551 2549
2549 2552
2550 2553 2551 2552
2551 2554 2552
2552 2555
2553 2556 2554 2555
2554 2557 2555
2555 2558
2556 2559 2557 2558
2557 2560 2558
2558 2561
2559 2562 2560 2561
2560 2563 2561
2561 2564
2562 2565 2563 2564
2563 2566 2564
2564 2567
2565 2568 2566 2567
2566 2569 2567
2567 2570
2568 2571 2569 2570
2569 2572 2570
2570 2573
2571 2574 2572 2573
2572 2575 2573
2573 2576
2574 2577 2575 2576
2575 2578 2576
2576 2579
2577 2580 2578 2579
2578 2581 2579
2579 2582
2580 2583 2581 2582
2581 2584 2582
2582 2585
2583 2586 2584 2585
2584 2587 2585
2585 2588
2586 2589 2587 2588
2587 2590 2588
2588 2591
2589 2592 2590 2591
2590 2593 2591
2591 2594
2592 2595 2593 2594
2593 2596 2594
2594 2597
2595 2598 2596 2597
2596 2599 2597
2597 2600
2598 2601 2599 2600
2599 2602 2600
2600 2603
2601 2604 2602 2603
2602 2605 2603
2603 2606
2604 2607 2605 2606
2605 2608 2606
2606 2609
2607 2610 2608 2609
2608 2611 2609
2609 2612
2610 2613 2611 2612
2611 2614 2612
2612 2615
2613 2616 2614 2615
2614 2617 2615
2615 2618
2616 2619 2617 2618
2617 2620 2618
2618 2621
2619 2622 2620 2621
2620 2623 2621
2621 2624
2622 2625 2623 2624
2623 2626 2624
2624 2627
2625 2628 2626 2627
2626 2629 2627
2627 2630
2628 2631 2629 2630
2629 2632 2630
2630 2633
2631 2634 2632 2633
2632 2635 2633
2633 2636
2634 2637 2635 2636
2635 2638 2636
2636 2639
2637 2640 2638 2639
2638 2641 2639
2639 2642
2640 2643 2641 2642
2641 2644 2642
2642 2645
2643 2646 2644 2645
2644 2647 2645
2645 2648
2646 2649 2647 2648
2647 2650 2648
2648 2651
2649 2652 2650 2651
2650 2653 2651
2651 2654
2652 2655 2653 2654
2653 2656 2654
2654 2657
2655 2658 2656 2657
2656 2659 2657
2657 2660
2658 2661 2659 2660
2659 2662 2660
2660 2663
2661 2664 2662 2663
2662 2665 2663
2663 2666
2664 2667 2665 2666
2665 2668 2666
2666 2669
2667 2670 2668 2669
2668 2671 2669
2669 2672
2670 2673 2671 2672
2671 2674 2672
2672 2675
2673 2676 2674 2675
2674 2677 2675
2675 2678
2676 2679 2677 2678
2677 2680 2678
2678 2681
2679 2682 2680 2681
2680 2683 2681
2681 2684
2682 2685 2683 2684
2683 2686 2684
2684 2687
2685 2688 2686 2687
2686 2689 2687
2687 2690
2688 2691 2689 2690
2689 2692 2690
2690 2693
2691 2694 2692 2693
2692 2695 2693
2693 2696
2694 2697 2695 2696
2695 2698 2696
2696 2699
2697 2700 2698 2699
2698 2701 2699
2699 2702
2700 2703 2701 2702
2701 2704 2702
2702 2705
2703 2706 2704 2705
2704 2707 2705
2705 2708
2706 2709 2707 2708
2707 2710 2708
2708 2711
2709 2712 2710 2711
2710 2713 2711
2711 2714
2712 2715 2713 2714
2713 2716 2714
2714 2717
2715 2718 2716 2717
2716 2719 2717
2717 2720
2718 2721 2719 2720
2719 2722 2720
2720 2723
2721 2724 2722 2723
2722 2725 2723
2723 2726
2724 2727 2725 2726
2725 2728 2726
2726 2729
2727 2730 2728 2729
2728 2731 2729
2729 2732
2730 2733 2731 2732
2731 2734 2732
2732 2735
2733 2736 2734 2735
2734 2737 2735
2735 2738
2736 2739 2737 2738
2737 2740 2738
2738 2741
2739 2742 2740 2741
2740 2743 2741
2741 2744
2742 2745 2743 2744
2743 2746 2744
2744 2747
2745 2748 2746 2747
2746 2749 2747
2747 2750
2748 2751 2749 2750
2749 2752 2750
2750 2753
2751 2754 2752 2753
2752 2755 2753
2753 2756
2754 2757 2755 2756
2755 2758 2756
2756 2759
2757 2760 2758 2759
2758 2761 2759
2759 2762
2760 2763 2761 2762
2761 2764 2762
2762 2765
2763 2766 2764 2765
2764 2767 2765
2765 2768
2766 2769 2767 2768
2767 2770 2768
2768 2771
2769 2772 2770 2771
2770 2773 2771
2771 2774
2772 2775 2773 2774
2773 2776 2774
2774 2777
2775 2778 2776 2777
2776 2779 2777
2777 2780
2778 2781 2779 2780
2779 2782 2780
2780 2783
2781 2784 2782 2783
2782 2785 2783
2783 2786
2784 2787 2785 2786
2785 2788 2786
2786 2789
2787 2790 2788 2789
2788 2791 2789
2789 2792
2790 2793 2791 2792
2791 2794 2792
2792 2795
2793 2796 2794 2795
2794 2797 2795
2795 2798
2796 2799 2797 2798
2797 2800 2798
2798 2801
2799 2802 2800 2801
2800 2803 2801
2801 2804
2802 2805 2803 2804
2803 2806 2804
2804 2807
2805 2808 2806 2807
2806 2809 2807
2807 2810
2808 2811 2809 2810
2809 2812 2810
2810 2813
2811 2814 2812 2813
2812 2815 2813
2813 2816
2814 2817 2815 2816
2815 2818 2816
2816 2819
2817 2820 2818 2819
2818 2821 2819
2819 2822
2820 2823 2821 2822
2821 2824 2822
2822 2825
2823 2826 2824 2825
2824 2827 2825
2825 2828
2826 2829 2827 2828
2827 2830 2828
2828 2831
2829 2832 2830 2831
2830 2833 2831
2831 2834
2832 2835 2833 2834
2833 2836 2834
2834 2837
2835 2838 2836 2837
2836 2839 2837
2837 2840
2838 2841 2839 2840
2839 2842 2840
2840 2843
2841 2844 2842 2843
2842 2845 2843
2843 2846
2844 2847 2845 2846
2845 2848 2846
2846 2849
2847 2850 2848 2849
2848 2851 2849
2849 2852
2850 2853 2851 2852
2851 2854 2852
2852 2855
2853 2856 2854 2855
2854 2857 2855
2855 2858
2856 2859 2857 2858
2857 2860 2858
2858 2861
2859 2862 2860 2861
2860 2863 2861
2861 2864
2862 2865 2863 2864
2863 2866 2864
2864 2867
2865 2868 2866 2867
2866 2869 2867
2867 2870
2868 2871 2869 2870
2869 2872 2870
2870 2873
2871 2874 2872 2873
2872 2875 2873
2873 2876
2874 2877 2875 2876
2875 2878 2876
2876 2879
2877 2880 2878 2879
2878 2881 2879
2879 2882
2880 2883 2881 2882
2881 2884 2882
2882 2885
2883 2886 2884 2885
2884 2887 2885
2885 2888
2886 2889 2887 2888
2887 2890 2888
2888 2891
2889 2892 2890 2891
2890 2893 2891
2891 2894
2892 2895 2893 2894
2893 2896 2894
2894 2897
2895 2898 2896 2897
2896 2899 2897
2897 2900
2898 2901 2899 2900
2899 2902 2900
2900 2903
2901 2904 2902 2903
2902 2905 2903
2903 2906
2904 2907 2905 2906
2905 2908 2906
2906 2909
2907 2910 2908 2909
2908 2911 2909
2909 2912
2910 2913 2911 2912
2911 2914 2912
2912 2915
2913 2916 2914 2915
2914 2917 2915
2915 2918
2916 2919 2917 2918
2917 2920 2918
2918 2921
2919 2922 2920 2921
2920 2923 2921
2921 2924
2922 2925 2923 2924
2923 2926 2924
2924 2927
2925 2928 2926 2927
2926 2929 2927
2927 2930
2928 2931 2929 2930
2929 2932 2930
2930 2933
2931 2934 2932 2933
2932 2935 2933
2933 2936
2934 2937 2935 2936
2935 2938 2936
2936 2939
2937 2940 2938 2939
2938 2941 2939
2939 2942
2940 2943 2941 2942
2941 2944 2942
2942 2945
2943 2946 2944 2945
2944 2947 2945
2945 2948
2946 2949 2947 2948
2947 2950 2948
2948 2951
2949 2952 2950 2951
2950 2953 2951
2951 2954
2952 2955 2953 2954
2953 2956 2954
2954 2957
2955 2958 2956 2957
2956 2959 2957
2957 2960
2958 2961 2959 2960
2959 2962 2960
2960 2963
2961 2964 2962 2963
2962 2965 2963
2963 2966
2964 2967 2965 2966
2965 2968 2966
2966 2969
2967 2970 2968 2969
2968 2971 2969
2969 2972
2970 2973 2971 2972
2971 2974 2972
2972 2975
2973 2976 2974 2975
2974 2977 2975
2975 2978
2976 2979 2977 2978
2977 2980 2978
2978 2981
2979 2982 2980 2981
2980 2983 2981
2981 2984
2982 2985 2983 2984
2983 2986 2984
2984 2987
2985 2988 2986 2987
2986 2989 2987
2987 2990
2988 2991 2989 2990
2989 2992 2990
2990 2993
2991 2994 2992 2993
2992 2995 2993
2993 2996
2994 2997 2995 2996
2995 2998 2996
2996 2999
2997 3000 2998 2999
2998 3001 2999
2999 3002
3000 3003 3001 3002
3001 3004 3002
3002 3005
3003 3006 3004 3005
3004 3007 3005
3005 3008
3006 3009 3007 3008
3007 3010 3008
3008 3011
3009 3012 3010 3011
3010 3013 3011
3011 3014
3012 3015 3013 3014
3013 3016 3014
3014 3017
3015 3018 3016 3017
3016 3019 3017
3017 3020
3018 3021 3019 3020
3019 3022 3020
3020 3023
3021 3024 3022 3023
3022 3025 3023
3023 3026
3024 3027 3025 3026
3025 3028 3026
3026 3029
3027 3030 3028 3029
3028 3031 3029
3029 3032
3030 3033 3031 3032
3031 3034 3032
3032 3035
3033 3036 3034 3035
3034 3037 3035
3035 3038
3036 3039 3037 3038
3037 3040 3038
3038 3041
3039 3042 3040 3041
3040 3043 3041
3041 3044
3042 3045 3043 3044
3043 3046 3044
3044 3047
3045 3048 3046 3047
3046 3049 3047
3047 3050
3048 3051 3049 3050
3049 3052 3050
3050 3053
3051 3054 3052 3053
3052 3055 3053
3053 3056
3054 3057 3055 3056
3055 3058 3056
3056 3059
3057 3060 3058 3059
3058 3061 3059
3059 3062
3060 3063 3061 3062
3061 3064 3062
3062 3065
3063 3066 3064 3065
3064 3067 3065
3065 3068
3066 3069 3067 3068
3067 3070 3068
3068 3071
3069 3072 3070 3071
3070 3073 3071
3071 3074
3072 3075 3073 3074
3073 3076 3074
3074 3077
3075 3078 3076 3077
3076 3079 3077
3077 3080
3078 3081 3079 3080
3079 3082 3080
3080 3083
3081 3084 3082 3083
3082 3085 3083
3083 3086
3084 3087 3085 3086
3085 3088 3086
3086 3089
3087 3090 3088 3089
3088 3091 3089
3089 3092
3090 3093 3091 3092
3091 3094 3092
3092 3095
3093 3096 3094 3095
3094 3097 3095
3095 3098
3096 3099 3097 3098
3097 3100 3098
3098 3101
3099 3102 3100 3101
3100 3103 3101
3101 3104
3102 3105 3103 3104
3103 3106 3104
3104 3107
3105 3108 3106 3107
3106 3109 3107
3107 3110
3108 3111 3109 3110
3109 3112 3110
3110 3113
3111 3114 3112 3113
3112 3115 3113
3113 3116
3114 3117 3115 3116
3115 3118 3116
3116 3119
3117 3120 3118 3119
3118 3121 3119
3119 3122
3120 3123 3121 3122
3121 3124 3122
3122 3125
3123 3126 3124 3125
3124 3127 3125
3125 3128
3126 3129 3127 3128
3127 3130 3128
3128 3131
3129 3132 3130 3131
3130 3133 3131
3131 3134
3132 3135 3133 3134
3133 3136 3134
3134 3137
3135 3138 3136 3137
3136 3139 3137
3137 3140
3138 3141 3139 3140
3139 3142 3140
3140 3143
3141 3144 3142 3143
3142 3145 3143
3143 3146
3144 3147 3145 3146
3145 3148 3146
3146 3149
3147 3150 3148 3149
3148 3151 3149
3149 3152
3150 3153 3151 3152
3151 3154 3152
3152 3155
3153 3156 3154 3155
3154 3157 3155
3155 3158
3156 3159 3157 3158
3157 3160 3158
3158 3161
3159 3162 3160 3161
3160 3163 3161
3161 3164
3162 3165 3163 3164
3163 3166 3164
3164 3167
3165 3168 3166 3167
3166 3169 3167
3167 3170
3168 3171 3169 3170
3169 3172 3170
3170 3173
3171 3174 3172 3173
3172 3175 3173
3173 3176
3174 3177 3175 3176
3175 3178 3176
3176 3179
3177 3180 3178 3179
3178 3181 3179
3179 3182
3180 3183 3181 3182
3181 3184 3182
3182 3185
3183 3186 3184 3185
3184 3187 3185
3185 3188
3186 3189 3187 3188
3187 3190 3188
3188 3191
3189 3192 3190 3191
3190 3193 3191
3191 3194
3192 3195 3193 3194
3193 3196 3194
3194 3197
3195 3198 3196 3197
3196 3199 3197
3197 3200
3198 3201 3199 3200
3199 3202 3200
3200 3203
3201 3204 3202 3203
3202 3205 3203
3203 3206
3204 3207 3205 3206
3205 3208 3206
3206 3209
3207 3210 3208 3209
3208 3211 3209
3209 3212
3210 3213 3211 3212
3211 3214 3212
3212 3215
3213 3216 3214 3215
3214 3217 3215
3215 3218
3216 3219 3217 3218
3217 3220 3218
3218 3221
3219 3222 3220 3221
3220 3223 3221
3221 3224
3222 3225 3223 3224
3223 3226 3224
3224 3227
3225 3228 3226 3227
3226 3229 3227
3227 3230
3228 3231 3229 3230
3229 3232 3230
3230 3233
3231 3234 3232 3233
3232 3235 3233
3233 3236
3234 3237 3235 3236
3235 3238 3236
3236 3239
3237 3240 3238 3239
3238 3241 3239
3239 3242
3240 3243 3241 3242
3241 3244 3242
3242 3245
3243 3246 3244 3245
3244 3247 3245
3245 3248
3246 3249 3247 3248
3247 3250 3248
3248 3251
3249 3252 3250 3251
3250 3253 3251
3251 3254
3252 3255 3253 3254
3253 3256 3254
3254 3257
3255 3258 3256 3257
3256 3259 3257
3257 3260
3258 3261 3259 3260
3259 3262 3260
3260 3263
3261 3264 3262 3263
3262 3265 3263
3263 3266
3264 3267 3265 3266
3265 3268 3266
3266 3269
3267 3270 3268 3269
3268 3271 3269
3269 3272
3270 3273 3271 3272
3271 3274 3272
3272 3275
3273 3276 3274 3275
3274 3277 3275
3275 3278
3276 3279 3277 3278
3277 3280 3278
3278 3281
3279 3282 3280 3281
3280 3283 3281
3281 3284
3282 3285 3283 3284
3283 3286 3284
3284 3287
3285 3288 3286 3287
3286 3289 3287
3287 3290
3288 3291 3289 3290
3289 3292 3290
3290 3293
3291 3294 3292 3293
3292 3295 3293
3293 3296
3294 3297 3295 3296
3295 3298 3296
3296 3299
3297 3300 3298 3299
3298 3301 3299
3299 3302
3300 3303 3301 3302
3301 3304 3302
3302 3305
3303 3306 3304 3305
3304 3307 3305
3305 3308
3306 3309 3307 3308
3307 3310 3308
3308 3311
3309 3312 3310 3311
3310 3313 3311
3311 3314
3312 3315 3313 3314
3313 3316 3314
3314 3317
3315 3318 3316 3317
3316 3319 3317
3317 3320
3318 3321 3319 3320
3319 3322 3320
3320 3323
3321 3324 3322 3323
3322 3325 3323
3323 3326
3324 3327 3325 3326
3325 3328 3326
3326 3329
3327 3330 3328 3329
3328 3331 3329
3329 3332
3330 3333 3331 3332
3331 3334 3332
3332 3335
3333 3336 3334 3335
3334 3337 3335
3335 3338
3336 3339 3337 3338
3337 3340 3338
3338 3341
3339 3342 3340 3341
3340 3343 3341
3341 3344
3342 3345 3343 3344
3343 3346 3344
3344 3347
3345 3348 3346 3347
3346 3349 3347
3347 3350
3348 3351 3349 3350
3349 3352 3350
3350 3353
3351 3354 3352 3353
3352 3355 3353
3353 3356
3354 3357 3355 3356
3355 3358 3356
3356 3359
3357 3360 3358 3359
3358 3361 3359
3359 3362
3360 3363 3361 3362
3361 3364 3362
3362 3365
3363 3366 3364 3365
3364 3367 3365
3365 3368
3366 3369 3367 3368
3367 3370 3368
3368 3371
3369 3372 3370 3371
3370 3373 3371
3371 3374
3372 3375 3373 3374
3373 3376 3374
3374 3377
3375 3378 3376 3377
3376 3379 3377
3377 3380
3378 3381 3379 3380
3379 3382 3380
3380 3383
3381 3384 3382 3383
3382 3385 3383
3383 3386
3384 3387 3385 3386
3385 3388 3386
3386 3389
3387 3390 3388 3389
3388 3391 3389
3389 3392
3390 3393 3391 3392
3391 3394 3392
3392 3395
3393 3396 3394 3395
3394 3397 3395
3395 3398
3396 3399 3397 3398
3397 3400 3398
3398 3401
3399 3402 3400 3401
3400 3403 3401
3401 3404
3402 3405 3403 3404
3403 3406 3404
3404 3407
3405 3408 3406 3407
3406 3409 3407
3407 3410
3408 3411 3409 3410
3409 3412 3410
3410 3413
3411 3414 3412 3413
3412 3415 3413
3413 3416
3414 3417 3415 3416
3415 3418 3416
3416 3419
3417 3420 3418 3419
3418 3421 3419
3419 3422
3420 3423 3421 3422
3421 3424 3422
3422 3425
3423 3426 3424 3425
3424 3427 3425
3425 3428
3426 3429 3427 3428
3427 3430 3428
3428 3431
3429 3432 3430 3431
3430 3433 3431
3431 3434
3432 3435 3433 3434
3433 3436 3434
3434 3437
3435 3438 3436 3437
3436 3439 3437
3437 3440
3438 3441 3439 3440
3439 3442 3440
3440 3443
3441 3444 3442 3443
3442 3445 3443
3443 3446
3444 3447 3445 3446
3445 3448 3446
3446 3449
3447 3450 3448 3449
3448 3451 3449
3449 3452
3450 3453 3451 3452
3451 3454 3452
3452 3455
3453 3456 3454 3455
3454 3457 3455
3455 3458
3456 3459 3457 3458
3457 3460 3458
3458 3461
3459 3462 3460 3461
3460 3463 3461
3461 3464
3462 3465 3463 3464
3463 3466 3464
3464 3467
3465 3468 3466 3467
3466 3469 3467
3467 3470
3468 3471 3469 3470
3469 3472 3470
3470 3473
3471 3474 3472 3473
3472 3475 3473
3473 3476
3474 3477 3475 3476
3475 3478 3476
3476 3479
3477 3480 3478 3479
3478 3481 3479
3479 3482
3480 3483 3481 3482
3481 3484 3482
3482 3485
3483 3486 3484 3485
3484 3487 3485
3485 3488
3486 3489 3487 3488
3487 3490 3488
3488 3491
3489 3492 3490 3491
3490 3493 3491
3491 3494
3492 3495 3493 3494
3493 3496 3494
3494 3497
3495 3498 3496 3497
3496 3499 3497
3497 3500
3498 3501 3499 3500
3499 3502 3500
3500 3503
3501 3504 3502 3503
3502 3505 3503
3503 3506
3504 3507 3505 3506
3505 3508 3506
3506 3509
3507 3510 3508 3509
3508 3511 3509
3509 3512
3510 3513 3511 3512
3511 3514 3512
3512 3515
3513 3516 3514 3515
3514 3517 3515
3515 3518
3516 3519 3517 3518
3517 3520 3518
3518 3521
3519 3522 3520 3521
3520 3523 3521
3521 3524
3522 3525 3523 3524
3523 3526 3524
3524 3527
3525 3528 3526 3527
3526 3529 3527
3527 3530
3528 3531 3529 3530
3529 3532 3530
3530 3533
3531 3534 3532 3533
3532 3535 3533
3533 3536
3534 3537 3535 3536
3535 3538 3536
3536 3539
3537 3540 3538 3539
3538 3541 3539
3539 3542
3540 3543 3541 3542
3541 3544 3542
3542 3545
3543 3546 3544 3545
3544 3547 3545
3545 3548
3546 3549 3547 3548
3547 3550 3548
3548 3551
3549 3552 3550 3551
3550 3553 3551
3551 3554
3552 3555 3553 3554
3553 3556 3554
3554 3557
3555 3558 3556 3557
3556 3559 3557
3557 3560
3558 3561 3559 3560
3559 3562 3560
3560 3563
3561 3564 3562 3563
3562 3565 3563
3563 3566
3564 3567 3565 3566
3565 3568 3566
3566 3569
3567 3570 3568 3569
3568 3571 3569
3569 3572
3570 3573 3571 3572
3571 3574 3572
3572 3575
3573 3576 3574 3575
3574 3577 3575
3575 3578
3576 3579 3577 3578
3577 3580 3578
3578 3581
3579 3582 3580 3581
3580 3583 3581
3581 3584
3582 3585 3583 3584
3583 3586 3584
3584 3587
3585 3588 3586 3587
3586 3589 3587
3587 3590
3588 3591 3589 3590
3589 3592 3590
3590 3593
3591 3594 3592 3593
3592 3595 3593
3593 3596
3594 3597 3595 3596
3595 3598 3596
3596 3599
3597 3598 3599
3598 3599
3599
