#gen-graphs.py --config experiment_graphs.json
# GMT Tue Apr  1 04:51:41 2025
# 
0 3570 30 1 29
1 3571 31 2
2 3572 32 3
3 3573 33 4
4 3574 34 5
5 3575 35 6
6 3576 36 7
7 3577 37 8
8 3578 38 9
9 3579 39 10
10 3580 40 11
11 3581 41 12
12 3582 42 13
13 3583 43 14
14 3584 44 15
15 3585 45 16
16 3586 46 17
17 3587 47 18
18 3588 48 19
19 3589 49 20
20 3590 50 21
21 3591 51 22
22 3592 52 23
23 3593 53 24
24 3594 54 25
25 3595 55 26
26 3596 56 27
27 3597 57 28
28 3598 58 29
29 3599 59
30 60 31 59
31 61 32
32 62 33
33 63 34
34 64 35
35 65 36
36 66 37
37 67 38
38 68 39
39 69 40
40 70 41
41 71 42
42 72 43
43 73 44
44 74 45
45 75 46
46 76 47
47 77 48
48 78 49
49 79 50
50 80 51
51 81 52
52 82 53
53 83 54
54 84 55
55 85 56
56 86 57
57 87 58
58 88 59
59 89
60 90 61 89
61 91 62
62 92 63
63 93 64
64 94 65
65 95 66
66 96 67
67 97 68
68 98 69
69 99 70
70 100 71
71 101 72
72 102 73
73 103 74
74 104 75
75 105 76
76 106 77
77 107 78
78 108 79
79 109 80
80 110 81
81 111 82
82 112 83
83 113 84
84 114 85
85 115 86
86 116 87
87 117 88
88 118 89
89 119
90 120 91 119
91 121 92
92 122 93
93 123 94
94 124 95
95 125 96
96 126 97
97 127 98
98 128 99
99 129 100
100 130 101
101 131 102
102 132 103
103 133 104
104 134 105
105 135 106
106 136 107
107 137 108
108 138 109
109 139 110
110 140 111
111 141 112
112 142 113
113 143 114
114 144 115
115 145 116
116 146 117
117 147 118
118 148 119
119 149
120 150 121 149
121 151 122
122 152 123
123 153 124
124 154 125
125 155 126
126 156 127
127 157 128
128 158 129
129 159 130
130 160 131
131 161 132
132 162 133
133 163 134
134 164 135
135 165 136
136 166 137
137 167 138
138 168 139
139 169 140
140 170 141
141 171 142
142 172 143
143 173 144
144 174 145
145 175 146
146 176 147
147 177 148
148 178 149
149 179
150 180 151 179
151 181 152
152 182 153
153 183 154
154 184 155
155 185 156
156 186 157
157 187 158
158 188 159
159 189 160
160 190 161
161 191 162
162 192 163
163 193 164
164 194 165
165 195 166
166 196 167
167 197 168
168 198 169
169 199 170
170 200 171
171 201 172
172 202 173
173 203 174
174 204 175
175 205 176
176 206 177
177 207 178
178 208 179
179 209
180 210 181 209
181 211 182
182 212 183
183 213 184
184 214 185
185 215 186
186 216 187
187 217 188
188 218 189
189 219 190
190 220 191
191 221 192
192 222 193
193 223 194
194 224 195
195 225 196
196 226 197
197 227 198
198 228 199
199 229 200
200 230 201
201 231 202
202 232 203
203 233 204
204 234 205
205 235 206
206 236 207
207 237 208
208 238 209
209 239
210 240 211 239
211 241 212
212 242 213
213 243 214
214 244 215
215 245 216
216 246 217
217 247 218
218 248 219
219 249 220
220 250 221
221 251 222
222 252 223
223 253 224
224 254 225
225 255 226
226 256 227
227 257 228
228 258 229
229 259 230
230 260 231
231 261 232
232 262 233
233 263 234
234 264 235
235 265 236
236 266 237
237 267 238
238 268 239
239 269
240 270 241 269
241 271 242
242 272 243
243 273 244
244 274 245
245 275 246
246 276 247
247 277 248
248 278 249
249 279 250
250 280 251
251 281 252
252 282 253
253 283 254
254 284 255
255 285 256
256 286 257
257 287 258
258 288 259
259 289 260
260 290 261
261 291 262
262 292 263
263 293 264
264 294 265
265 295 266
266 296 267
267 297 268
268 298 269
269 299
270 300 271 299
271 301 272
272 302 273
273 303 274
274 304 275
275 305 276
276 306 277
277 307 278
278 308 279
279 309 280
280 310 281
281 311 282
282 312 283
283 313 284
284 314 285
285 315 286
286 316 287
287 317 288
288 318 289
289 319 290
290 320 291
291 321 292
292 322 293
293 323 294
294 324 295
295 325 296
296 326 297
297 327 298
298 328 299
299 329
300 330 301 329
301 331 302
302 332 303
303 333 304
304 334 305
305 335 306
306 336 307
307 337 308
308 338 309
309 339 310
310 340 311
311 341 312
312 342 313
313 343 314
314 344 315
315 345 316
316 346 317
317 347 318
318 348 319
319 349 320
320 350 321
321 351 322
322 352 323
323 353 324
324 354 325
325 355 326
326 356 327
327 357 328
328 358 329
329 359
330 360 331 359
331 361 332
332 362 333
333 363 334
334 364 335
335 365 336
336 366 337
337 367 338
338 368 339
339 369 340
340 370 341
341 371 342
342 372 343
343 373 344
344 374 345
345 375 346
346 376 347
347 377 348
348 378 349
349 379 350
350 380 351
351 381 352
352 382 353
353 383 354
354 384 355
355 385 356
356 386 357
357 387 358
358 388 359
359 389
360 390 361 389
361 391 362
362 392 363
363 393 364
364 394 365
365 395 366
366 396 367
367 397 368
368 398 369
369 399 370
370 400 371
371 401 372
372 402 373
373 403 374
374 404 375
375 405 376
376 406 377
377 407 378
378 408 379
379 409 380
380 410 381
381 411 382
382 412 383
383 413 384
384 414 385
385 415 386
386 416 387
387 417 388
388 418 389
389 419
390 420 391 419
391 421 392
392 422 393
393 423 394
394 424 395
395 425 396
396 426 397
397 427 398
398 428 399
399 429 400
400 430 401
401 431 402
402 432 403
403 433 404
404 434 405
405 435 406
406 436 407
407 437 408
408 438 409
409 439 410
410 440 411
411 441 412
412 442 413
413 443 414
414 444 415
415 445 416
416 446 417
417 447 418
418 448 419
419 449
420 450 421 449
421 451 422
422 452 423
423 453 424
424 454 425
425 455 426
426 456 427
427 457 428
428 458 429
429 459 430
430 460 431
431 461 432
432 462 433
433 463 434
434 464 435
435 465 436
436 466 437
437 467 438
438 468 439
439 469 440
440 470 441
441 471 442
442 472 443
443 473 444
444 474 445
445 475 446
446 476 447
447 477 448
448 478 449
449 479
450 480 451 479
451 481 452
452 482 453
453 483 454
454 484 455
455 485 456
456 486 457
457 487 458
458 488 459
459 489 460
460 490 461
461 491 462
462 492 463
463 493 464
464 494 465
465 495 466
466 496 467
467 497 468
468 498 469
469 499 470
470 500 471
471 501 472
472 502 473
473 503 474
474 504 475
475 505 476
476 506 477
477 507 478
478 508 479
479 509
480 510 481 509
481 511 482
482 512 483
483 513 484
484 514 485
485 515 486
486 516 487
487 517 488
488 518 489
489 519 490
490 520 491
491 521 492
492 522 493
493 523 494
494 524 495
495 525 496
496 526 497
497 527 498
498 528 499
499 529 500
500 530 501
501 531 502
502 532 503
503 533 504
504 534 505
505 535 506
506 536 507
507 537 508
508 538 509
509 539
510 540 511 539
511 541 512
512 542 513
513 543 514
514 544 515
515 545 516
516 546 517
517 547 518
518 548 519
519 549 520
520 550 521
521 551 522
522 552 523
523 553 524
524 554 525
525 555 526
526 556 527
527 557 528
528 558 529
529 559 530
530 560 531
531 561 532
532 562 533
533 563 534
534 564 535
535 565 536
536 566 537
537 567 538
538 568 539
539 569
540 570 541 569
541 571 542
542 572 543
543 573 544
544 574 545
545 575 546
546 576 547
547 577 548
548 578 549
549 579 550
550 580 551
551 581 552
552 582 553
553 583 554
554 584 555
555 585 556
556 586 557
557 587 558
558 588 559
559 589 560
560 590 561
561 591 562
562 592 563
563 593 564
564 594 565
565 595 566
566 596 567
567 597 568
568 598 569
569 599
570 600 571 599
571 601 572
572 602 573
573 603 574
574 604 575
575 605 576
576 606 577
577 607 578
578 608 579
579 609 580
580 610 581
581 611 582
582 612 583
583 613 584
584 614 585
585 615 586
586 616 587
587 617 588
588 618 589
589 619 590
590 620 591
591 621 592
592 622 593
593 623 594
594 624 595
595 625 596
596 626 597
597 627 598
598 628 599
599 629
600 630 601 629
601 631 602
602 632 603
603 633 604
604 634 605
605 635 606
606 636 607
607 637 608
608 638 609
609 639 610
610 640 611
611 641 612
612 642 613
613 643 614
614 644 615
615 645 616
616 646 617
617 647 618
618 648 619
619 649 620
620 650 621
621 651 622
622 652 623
623 653 624
624 654 625
625 655 626
626 656 627
627 657 628
628 658 629
629 659
630 660 631 659
631 661 632
632 662 633
633 663 634
634 664 635
635 665 636
636 666 637
637 667 638
638 668 639
639 669 640
640 670 641
641 671 642
642 672 643
643 673 644
644 674 645
645 675 646
646 676 647
647 677 648
648 678 649
649 679 650
650 680 651
651 681 652
652 682 653
653 683 654
654 684 655
655 685 656
656 686 657
657 687 658
658 688 659
659 689
660 690 661 689
661 691 662
662 692 663
663 693 664
664 694 665
665 695 666
666 696 667
667 697 668
668 698 669
669 699 670
670 700 671
671 701 672
672 702 673
673 703 674
674 704 675
675 705 676
676 706 677
677 707 678
678 708 679
679 709 680
680 710 681
681 711 682
682 712 683
683 713 684
684 714 685
685 715 686
686 716 687
687 717 688
688 718 689
689 719
690 720 691 719
691 721 692
692 722 693
693 723 694
694 724 695
695 725 696
696 726 697
697 727 698
698 728 699
699 729 700
700 730 701
701 731 702
702 732 703
703 733 704
704 734 705
705 735 706
706 736 707
707 737 708
708 738 709
709 739 710
710 740 711
711 741 712
712 742 713
713 743 714
714 744 715
715 745 716
716 746 717
717 747 718
718 748 719
719 749
720 750 721 749
721 751 722
722 752 723
723 753 724
724 754 725
725 755 726
726 756 727
727 757 728
728 758 729
729 759 730
730 760 731
731 761 732
732 762 733
733 763 734
734 764 735
735 765 736
736 766 737
737 767 738
738 768 739
739 769 740
740 770 741
741 771 742
742 772 743
743 773 744
744 774 745
745 775 746
746 776 747
747 777 748
748 778 749
749 779
750 780 751 779
751 781 752
752 782 753
753 783 754
754 784 755
755 785 756
756 786 757
757 787 758
758 788 759
759 789 760
760 790 761
761 791 762
762 792 763
763 793 764
764 794 765
765 795 766
766 796 767
767 797 768
768 798 769
769 799 770
770 800 771
771 801 772
772 802 773
773 803 774
774 804 775
775 805 776
776 806 777
777 807 778
778 808 779
779 809
780 810 781 809
781 811 782
782 812 783
783 813 784
784 814 785
785 815 786
786 816 787
787 817 788
788 818 789
789 819 790
790 820 791
791 821 792
792 822 793
793 823 794
794 824 795
795 825 796
796 826 797
797 827 798
798 828 799
799 829 800
800 830 801
801 831 802
802 832 803
803 833 804
804 834 805
805 835 806
806 836 807
807 837 808
808 838 809
809 839
810 840 811 839
811 841 812
812 842 813
813 843 814
814 844 815
815 845 816
816 846 817
817 847 818
818 848 819
819 849 820
820 850 821
821 851 822
822 852 823
823 853 824
824 854 825
825 855 826
826 856 827
827 857 828
828 858 829
829 859 830
830 860 831
831 861 832
832 862 833
833 863 834
834 864 835
835 865 836
836 866 837
837 867 838
838 868 839
839 869
840 870 841 869
841 871 842
842 872 843
843 873 844
844 874 845
845 875 846
846 876 847
847 877 848
848 878 849
849 879 850
850 880 851
851 881 852
852 882 853
853 883 854
854 884 855
855 885 856
856 886 857
857 887 858
858 888 859
859 889 860
860 890 861
861 891 862
862 892 863
863 893 864
864 894 865
865 895 866
866 896 867
867 897 868
868 898 869
869 899
870 900 871 899
871 901 872
872 902 873
873 903 874
874 904 875
875 905 876
876 906 877
877 907 878
878 908 879
879 909 880
880 910 881
881 911 882
882 912 883
883 913 884
884 914 885
885 915 886
886 916 887
887 917 888
888 918 889
889 919 890
890 920 891
891 921 892
892 922 893
893 923 894
894 924 895
895 925 896
896 926 897
897 927 898
898 928 899
899 929
900 930 901 929
901 931 902
902 932 903
903 933 904
904 934 905
905 935 906
906 936 907
907 937 908
908 938 909
909 939 910
910 940 911
911 941 912
912 942 913
913 943 914
914 944 915
915 945 916
916 946 917
917 947 918
918 948 919
919 949 920
920 950 921
921 951 922
922 952 923
923 953 924
924 954 925
925 955 926
926 956 927
927 957 928
928 958 929
929 959
930 960 931 959
931 961 932
932 962 933
933 963 934
934 964 935
935 965 936
936 966 937
937 967 938
938 968 939
939 969 940
940 970 941
941 971 942
942 972 943
943 973 944
944 974 945
945 975 946
946 976 947
947 977 948
948 978 949
949 979 950
950 980 951
951 981 952
952 982 953
953 983 954
954 984 955
955 985 956
956 986 957
957 987 958
958 988 959
959 989
960 990 961 989
961 991 962
962 992 963
963 993 964
964 994 965
965 995 966
966 996 967
967 997 968
968 998 969
969 999 970
970 1000 971
971 1001 972
972 1002 973
973 1003 974
974 1004 975
975 1005 976
976 1006 977
977 1007 978
978 1008 979
979 1009 980
980 1010 981
981 1011 982
982 1012 983
983 1013 984
984 1014 985
985 1015 986
986 1016 987
987 1017 988
988 1018 989
989 1019
990 1020 991 1019
991 1021 992
992 1022 993
993 1023 994
994 1024 995
995 1025 996
996 1026 997
997 1027 998
998 1028 999
999 1029 1000
1000 1030 1001
1001 1031 1002
1002 1032 1003
1003 1033 1004
1004 1034 1005
1005 1035 1006
1006 1036 1007
1007 1037 1008
1008 1038 1009
1009 1039 1010
1010 1040 1011
1011 1041 1012
1012 1042 1013
1013 1043 1014
1014 1044 1015
1015 1045 1016
1016 1046 1017
1017 1047 1018
1018 1048 1019
1019 1049
1020 1050 1021 1049
1021 1051 1022
1022 1052 1023
1023 1053 1024
1024 1054 1025
1025 1055 1026
1026 1056 1027
1027 1057 1028
1028 1058 1029
1029 1059 1030
1030 1060 1031
1031 1061 1032
1032 1062 1033
1033 1063 1034
1034 1064 1035
1035 1065 1036
1036 1066 1037
1037 1067 1038
1038 1068 1039
1039 1069 1040
1040 1070 1041
1041 1071 1042
1042 1072 1043
1043 1073 1044
1044 1074 1045
1045 1075 1046
1046 1076 1047
1047 1077 1048
1048 1078 1049
1049 1079
1050 1080 1051 1079
1051 1081 1052
1052 1082 1053
1053 1083 1054
1054 1084 1055
1055 1085 1056
1056 1086 1057
1057 1087 1058
1058 1088 1059
1059 1089 1060
1060 1090 1061
1061 1091 1062
1062 1092 1063
1063 1093 1064
1064 1094 1065
1065 1095 1066
1066 1096 1067
1067 1097 1068
1068 1098 1069
1069 1099 1070
1070 1100 1071
1071 1101 1072
1072 1102 1073
1073 1103 1074
1074 1104 1075
1075 1105 1076
1076 1106 1077
1077 1107 1078
1078 1108 1079
1079 1109
1080 1110 1081 1109
1081 1111 1082
1082 1112 1083
1083 1113 1084
1084 1114 1085
1085 1115 1086
1086 1116 1087
1087 1117 1088
1088 1118 1089
1089 1119 1090
1090 1120 1091
1091 1121 1092
1092 1122 1093
1093 1123 1094
1094 1124 1095
1095 1125 1096
1096 1126 1097
1097 1127 1098
1098 1128 1099
1099 1129 1100
1100 1130 1101
1101 1131 1102
1102 1132 1103
1103 1133 1104
1104 1134 1105
1105 1135 1106
1106 1136 1107
1107 1137 1108
1108 1138 1109
1109 1139
1110 1140 1111 1139
1111 1141 1112
1112 1142 1113
1113 1143 1114
1114 1144 1115
1115 1145 1116
1116 1146 1117
1117 1147 1118
1118 1148 1119
1119 1149 1120
1120 1150 1121
1121 1151 1122
1122 1152 1123
1123 1153 1124
1124 1154 1125
1125 1155 1126
1126 1156 1127
1127 1157 1128
1128 1158 1129
1129 1159 1130
1130 1160 1131
1131 1161 1132
1132 1162 1133
1133 1163 1134
1134 1164 1135
1135 1165 1136
1136 1166 1137
1137 1167 1138
1138 1168 1139
1139 1169
1140 1170 1141 1169
1141 1171 1142
1142 1172 1143
1143 1173 1144
1144 1174 1145
1145 1175 1146
1146 1176 1147
1147 1177 1148
1148 1178 1149
1149 1179 1150
1150 1180 1151
1151 1181 1152
1152 1182 1153
1153 1183 1154
1154 1184 1155
1155 1185 1156
1156 1186 1157
1157 1187 1158
1158 1188 1159
1159 1189 1160
1160 1190 1161
1161 1191 1162
1162 1192 1163
1163 1193 1164
1164 1194 1165
1165 1195 1166
1166 1196 1167
1167 1197 1168
1168 1198 1169
1169 1199
1170 1200 1171 1199
1171 1201 1172
1172 1202 1173
1173 1203 1174
1174 1204 1175
1175 1205 1176
1176 1206 1177
1177 1207 1178
1178 1208 1179
1179 1209 1180
1180 1210 1181
1181 1211 1182
1182 1212 1183
1183 1213 1184
1184 1214 1185
1185 1215 1186
1186 1216 1187
1187 1217 1188
1188 1218 1189
1189 1219 1190
1190 1220 1191
1191 1221 1192
1192 1222 1193
1193 1223 1194
1194 1224 1195
1195 1225 1196
1196 1226 1197
1197 1227 1198
1198 1228 1199
1199 1229
1200 1230 1201 1229
1201 1231 1202
1202 1232 1203
1203 1233 1204
1204 1234 1205
1205 1235 1206
1206 1236 1207
1207 1237 1208
1208 1238 1209
1209 1239 1210
1210 1240 1211
1211 1241 1212
1212 1242 1213
1213 1243 1214
1214 1244 1215
1215 1245 1216
1216 1246 1217
1217 1247 1218
1218 1248 1219
1219 1249 1220
1220 1250 1221
1221 1251 1222
1222 1252 1223
1223 1253 1224
1224 1254 1225
1225 1255 1226
1226 1256 1227
1227 1257 1228
1228 1258 1229
1229 1259
1230 1260 1231 1259
1231 1261 1232
1232 1262 1233
1233 1263 1234
1234 1264 1235
1235 1265 1236
1236 1266 1237
1237 1267 1238
1238 1268 1239
1239 1269 1240
1240 1270 1241
1241 1271 1242
1242 1272 1243
1243 1273 1244
1244 1274 1245
1245 1275 1246
1246 1276 1247
1247 1277 1248
1248 1278 1249
1249 1279 1250
1250 1280 1251
1251 1281 1252
1252 1282 1253
1253 1283 1254
1254 1284 1255
1255 1285 1256
1256 1286 1257
1257 1287 1258
1258 1288 1259
1259 1289
1260 1290 1261 1289
1261 1291 1262
1262 1292 1263
1263 1293 1264
1264 1294 1265
1265 1295 1266
1266 1296 1267
1267 1297 1268
1268 1298 1269
1269 1299 1270
1270 1300 1271
1271 1301 1272
1272 1302 1273
1273 1303 1274
1274 1304 1275
1275 1305 1276
1276 1306 1277
1277 1307 1278
1278 1308 1279
1279 1309 1280
1280 1310 1281
1281 1311 1282
1282 1312 1283
1283 1313 1284
1284 1314 1285
1285 1315 1286
1286 1316 1287
1287 1317 1288
1288 1318 1289
1289 1319
1290 1320 1291 1319
1291 1321 1292
1292 1322 1293
1293 1323 1294
1294 1324 1295
1295 1325 1296
1296 1326 1297
1297 1327 1298
1298 1328 1299
1299 1329 1300
1300 1330 1301
1301 1331 1302
1302 1332 1303
1303 1333 1304
1304 1334 1305
1305 1335 1306
1306 1336 1307
1307 1337 1308
1308 1338 1309
1309 1339 1310
1310 1340 1311
1311 1341 1312
1312 1342 1313
1313 1343 1314
1314 1344 1315
1315 1345 1316
1316 1346 1317
1317 1347 1318
1318 1348 1319
1319 1349
1320 1350 1321 1349
1321 1351 1322
1322 1352 1323
1323 1353 1324
1324 1354 1325
1325 1355 1326
1326 1356 1327
1327 1357 1328
1328 1358 1329
1329 1359 1330
1330 1360 1331
1331 1361 1332
1332 1362 1333
1333 1363 1334
1334 1364 1335
1335 1365 1336
1336 1366 1337
1337 1367 1338
1338 1368 1339
1339 1369 1340
1340 1370 1341
1341 1371 1342
1342 1372 1343
1343 1373 1344
1344 1374 1345
1345 1375 1346
1346 1376 1347
1347 1377 1348
1348 1378 1349
1349 1379
1350 1380 1351 1379
1351 1381 1352
1352 1382 1353
1353 1383 1354
1354 1384 1355
1355 1385 1356
1356 1386 1357
1357 1387 1358
1358 1388 1359
1359 1389 1360
1360 1390 1361
1361 1391 1362
1362 1392 1363
1363 1393 1364
1364 1394 1365
1365 1395 1366
1366 1396 1367
1367 1397 1368
1368 1398 1369
1369 1399 1370
1370 1400 1371
1371 1401 1372
1372 1402 1373
1373 1403 1374
1374 1404 1375
1375 1405 1376
1376 1406 1377
1377 1407 1378
1378 1408 1379
1379 1409
1380 1410 1381 1409
1381 1411 1382
1382 1412 1383
1383 1413 1384
1384 1414 1385
1385 1415 1386
1386 1416 1387
1387 1417 1388
1388 1418 1389
1389 1419 1390
1390 1420 1391
1391 1421 1392
1392 1422 1393
1393 1423 1394
1394 1424 1395
1395 1425 1396
1396 1426 1397
1397 1427 1398
1398 1428 1399
1399 1429 1400
1400 1430 1401
1401 1431 1402
1402 1432 1403
1403 1433 1404
1404 1434 1405
1405 1435 1406
1406 1436 1407
1407 1437 1408
1408 1438 1409
1409 1439
1410 1440 1411 1439
1411 1441 1412
1412 1442 1413
1413 1443 1414
1414 1444 1415
1415 1445 1416
1416 1446 1417
1417 1447 1418
1418 1448 1419
1419 1449 1420
1420 1450 1421
1421 1451 1422
1422 1452 1423
1423 1453 1424
1424 1454 1425
1425 1455 1426
1426 1456 1427
1427 1457 1428
1428 1458 1429
1429 1459 1430
1430 1460 1431
1431 1461 1432
1432 1462 1433
1433 1463 1434
1434 1464 1435
1435 1465 1436
1436 1466 1437
1437 1467 1438
1438 1468 1439
1439 1469
1440 1470 1441 1469
1441 1471 1442
1442 1472 1443
1443 1473 1444
1444 1474 1445
1445 1475 1446
1446 1476 1447
1447 1477 1448
1448 1478 1449
1449 1479 1450
1450 1480 1451
1451 1481 1452
1452 1482 1453
1453 1483 1454
1454 1484 1455
1455 1485 1456
1456 1486 1457
1457 1487 1458
1458 1488 1459
1459 1489 1460
1460 1490 1461
1461 1491 1462
1462 1492 1463
1463 1493 1464
1464 1494 1465
1465 1495 1466
1466 1496 1467
1467 1497 1468
1468 1498 1469
1469 1499
1470 1500 1471 1499
1471 1501 1472
1472 1502 1473
1473 1503 1474
1474 1504 1475
1475 1505 1476
1476 1506 1477
1477 1507 1478
1478 1508 1479
1479 1509 1480
1480 1510 1481
1481 1511 1482
1482 1512 1483
1483 1513 1484
1484 1514 1485
1485 1515 1486
1486 1516 1487
1487 1517 1488
1488 1518 1489
1489 1519 1490
1490 1520 1491
1491 1521 1492
1492 1522 1493
1493 1523 1494
1494 1524 1495
1495 1525 1496
1496 1526 1497
1497 1527 1498
1498 1528 1499
1499 1529
1500 1530 1501 1529
1501 1531 1502
1502 1532 1503
1503 1533 1504
1504 1534 1505
1505 1535 1506
1506 1536 1507
1507 1537 1508
1508 1538 1509
1509 1539 1510
1510 1540 1511
1511 1541 1512
1512 1542 1513
1513 1543 1514
1514 1544 1515
1515 1545 1516
1516 1546 1517
1517 1547 1518
1518 1548 1519
1519 1549 1520
1520 1550 1521
1521 1551 1522
1522 1552 1523
1523 1553 1524
1524 1554 1525
1525 1555 1526
1526 1556 1527
1527 1557 1528
1528 1558 1529
1529 1559
1530 1560 1531 1559
1531 1561 1532
1532 1562 1533
1533 1563 1534
1534 1564 1535
1535 1565 1536
1536 1566 1537
1537 1567 1538
1538 1568 1539
1539 1569 1540
1540 1570 1541
1541 1571 1542
1542 1572 1543
1543 1573 1544
1544 1574 1545
1545 1575 1546
1546 1576 1547
1547 1577 1548
1548 1578 1549
1549 1579 1550
1550 1580 1551
1551 1581 1552
1552 1582 1553
1553 1583 1554
1554 1584 1555
1555 1585 1556
1556 1586 1557
1557 1587 1558
1558 1588 1559
1559 1589
1560 1590 1561 1589
1561 1591 1562
1562 1592 1563
1563 1593 1564
1564 1594 1565
1565 1595 1566
1566 1596 1567
1567 1597 1568
1568 1598 1569
1569 1599 1570
1570 1600 1571
1571 1601 1572
1572 1602 1573
1573 1603 1574
1574 1604 1575
1575 1605 1576
1576 1606 1577
1577 1607 1578
1578 1608 1579
1579 1609 1580
1580 1610 1581
1581 1611 1582
1582 1612 1583
1583 1613 1584
1584 1614 1585
1585 1615 1586
1586 1616 1587
1587 1617 1588
1588 1618 1589
1589 1619
1590 1620 1591 1619
1591 1621 1592
1592 1622 1593
1593 1623 1594
1594 1624 1595
1595 1625 1596
1596 1626 1597
1597 1627 1598
1598 1628 1599
1599 1629 1600
1600 1630 1601
1601 1631 1602
1602 1632 1603
1603 1633 1604
1604 1634 1605
1605 1635 1606
1606 1636 1607
1607 1637 1608
1608 1638 1609
1609 1639 1610
1610 1640 1611
1611 1641 1612
1612 1642 1613
1613 1643 1614
1614 1644 1615
1615 1645 1616
1616 1646 1617
1617 1647 1618
1618 1648 1619
1619 1649
1620 1650 1621 1649
1621 1651 1622
1622 1652 1623
1623 1653 1624
1624 1654 1625
1625 1655 1626
1626 1656 1627
1627 1657 1628
1628 1658 1629
1629 1659 1630
1630 1660 1631
1631 1661 1632
1632 1662 1633
1633 1663 1634
1634 1664 1635
1635 1665 1636
1636 1666 1637
1637 1667 1638
1638 1668 1639
1639 1669 1640
1640 1670 1641
1641 1671 1642
1642 1672 1643
1643 1673 1644
1644 1674 1645
1645 1675 1646
1646 1676 1647
1647 1677 1648
1648 1678 1649
1649 1679
1650 1680 1651 1679
1651 1681 1652
1652 1682 1653
1653 1683 1654
1654 1684 1655
1655 1685 1656
1656 1686 1657
1657 1687 1658
1658 1688 1659
1659 1689 1660
1660 1690 1661
1661 1691 1662
1662 1692 1663
1663 1693 1664
1664 1694 1665
1665 1695 1666
1666 1696 1667
1667 1697 1668
1668 1698 1669
1669 1699 1670
1670 1700 1671
1671 1701 1672
1672 1702 1673
1673 1703 1674
1674 1704 1675
1675 1705 1676
1676 1706 1677
1677 1707 1678
1678 1708 1679
1679 1709
1680 1710 1681 1709
1681 1711 1682
1682 1712 1683
1683 1713 1684
1684 1714 1685
1685 1715 1686
1686 1716 1687
1687 1717 1688
1688 1718 1689
1689 1719 1690
1690 1720 1691
1691 1721 1692
1692 1722 1693
1693 1723 1694
1694 1724 1695
1695 1725 1696
1696 1726 1697
1697 1727 1698
1698 1728 1699
1699 1729 1700
1700 1730 1701
1701 1731 1702
1702 1732 1703
1703 1733 1704
1704 1734 1705
1705 1735 1706
1706 1736 1707
1707 1737 1708
1708 1738 1709
1709 1739
1710 1740 1711 1739
1711 1741 1712
1712 1742 1713
1713 1743 1714
1714 1744 1715
1715 1745 1716
1716 1746 1717
1717 1747 1718
1718 1748 1719
1719 1749 1720
1720 1750 1721
1721 1751 1722
1722 1752 1723
1723 1753 1724
1724 1754 1725
1725 1755 1726
1726 1756 1727
1727 1757 1728
1728 1758 1729
1729 1759 1730
1730 1760 1731
1731 1761 1732
1732 1762 1733
1733 1763 1734
1734 1764 1735
1735 1765 1736
1736 1766 1737
1737 1767 1738
1738 1768 1739
1739 1769
1740 1770 1741 1769
1741 1771 1742
1742 1772 1743
1743 1773 1744
1744 1774 1745
1745 1775 1746
1746 1776 1747
1747 1777 1748
1748 1778 1749
1749 1779 1750
1750 1780 1751
1751 1781 1752
1752 1782 1753
1753 1783 1754
1754 1784 1755
1755 1785 1756
1756 1786 1757
1757 1787 1758
1758 1788 1759
1759 1789 1760
1760 1790 1761
1761 1791 1762
1762 1792 1763
1763 1793 1764
1764 1794 1765
1765 1795 1766
1766 1796 1767
1767 1797 1768
1768 1798 1769
1769 1799
1770 1800 1771 1799
1771 1801 1772
1772 1802 1773
1773 1803 1774
1774 1804 1775
1775 1805 1776
1776 1806 1777
1777 1807 1778
1778 1808 1779
1779 1809 1780
1780 1810 1781
1781 1811 1782
1782 1812 1783
1783 1813 1784
1784 1814 1785
1785 1815 1786
1786 1816 1787
1787 1817 1788
1788 1818 1789
1789 1819 1790
1790 1820 1791
1791 1821 1792
1792 1822 1793
1793 1823 1794
1794 1824 1795
1795 1825 1796
1796 1826 1797
1797 1827 1798
1798 1828 1799
1799 1829
1800 1830 1801 1829
1801 1831 1802
1802 1832 1803
1803 1833 1804
1804 1834 1805
1805 1835 1806
1806 1836 1807
1807 1837 1808
1808 1838 1809
1809 1839 1810
1810 1840 1811
1811 1841 1812
1812 1842 1813
1813 1843 1814
1814 1844 1815
1815 1845 1816
1816 1846 1817
1817 1847 1818
1818 1848 1819
1819 1849 1820
1820 1850 1821
1821 1851 1822
1822 1852 1823
1823 1853 1824
1824 1854 1825
1825 1855 1826
1826 1856 1827
1827 1857 1828
1828 1858 1829
1829 1859
1830 1860 1831 1859
1831 1861 1832
1832 1862 1833
1833 1863 1834
1834 1864 1835
1835 1865 1836
1836 1866 1837
1837 1867 1838
1838 1868 1839
1839 1869 1840
1840 1870 1841
1841 1871 1842
1842 1872 1843
1843 1873 1844
1844 1874 1845
1845 1875 1846
1846 1876 1847
1847 1877 1848
1848 1878 1849
1849 1879 1850
1850 1880 1851
1851 1881 1852
1852 1882 1853
1853 1883 1854
1854 1884 1855
1855 1885 1856
1856 1886 1857
1857 1887 1858
1858 1888 1859
1859 1889
1860 1890 1861 1889
1861 1891 1862
1862 1892 1863
1863 1893 1864
1864 1894 1865
1865 1895 1866
1866 1896 1867
1867 1897 1868
1868 1898 1869
1869 1899 1870
1870 1900 1871
1871 1901 1872
1872 1902 1873
1873 1903 1874
1874 1904 1875
1875 1905 1876
1876 1906 1877
1877 1907 1878
1878 1908 1879
1879 1909 1880
1880 1910 1881
1881 1911 1882
1882 1912 1883
1883 1913 1884
1884 1914 1885
1885 1915 1886
1886 1916 1887
1887 1917 1888
1888 1918 1889
1889 1919
1890 1920 1891 1919
1891 1921 1892
1892 1922 1893
1893 1923 1894
1894 1924 1895
1895 1925 1896
1896 1926 1897
1897 1927 1898
1898 1928 1899
1899 1929 1900
1900 1930 1901
1901 1931 1902
1902 1932 1903
1903 1933 1904
1904 1934 1905
1905 1935 1906
1906 1936 1907
1907 1937 1908
1908 1938 1909
1909 1939 1910
1910 1940 1911
1911 1941 1912
1912 1942 1913
1913 1943 1914
1914 1944 1915
1915 1945 1916
1916 1946 1917
1917 1947 1918
1918 1948 1919
1919 1949
1920 1950 1921 1949
1921 1951 1922
1922 1952 1923
1923 1953 1924
1924 1954 1925
1925 1955 1926
1926 1956 1927
1927 1957 1928
1928 1958 1929
1929 1959 1930
1930 1960 1931
1931 1961 1932
1932 1962 1933
1933 1963 1934
1934 1964 1935
1935 1965 1936
1936 1966 1937
1937 1967 1938
1938 1968 1939
1939 1969 1940
1940 1970 1941
1941 1971 1942
1942 1972 1943
1943 1973 1944
1944 1974 1945
1945 1975 1946
1946 1976 1947
1947 1977 1948
1948 1978 1949
1949 1979
1950 1980 1951 1979
1951 1981 1952
1952 1982 1953
1953 1983 1954
1954 1984 1955
1955 1985 1956
1956 1986 1957
1957 1987 1958
1958 1988 1959
1959 1989 1960
1960 1990 1961
1961 1991 1962
1962 1992 1963
1963 1993 1964
1964 1994 1965
1965 1995 1966
1966 1996 1967
1967 1997 1968
1968 1998 1969
1969 1999 1970
1970 2000 1971
1971 2001 1972
1972 2002 1973
1973 2003 1974
1974 2004 1975
1975 2005 1976
1976 2006 1977
1977 2007 1978
1978 2008 1979
1979 2009
1980 2010 1981 2009
1981 2011 1982
1982 2012 1983
1983 2013 1984
1984 2014 1985
1985 2015 1986
1986 2016 1987
1987 2017 1988
1988 2018 1989
1989 2019 1990
1990 2020 1991
1991 2021 1992
1992 2022 1993
1993 2023 1994
1994 2024 1995
1995 2025 1996
1996 2026 1997
1997 2027 1998
1998 2028 1999
1999 2029 2000
2000 2030 2001
2001 2031 2002
2002 2032 2003
2003 2033 2004
2004 2034 2005
2005 2035 2006
2006 2036 2007
2007 2037 2008
2008 2038 2009
2009 2039
2010 2040 2011 2039
2011 2041 2012
2012 2042 2013
2013 2043 2014
2014 2044 2015
2015 2045 2016
2016 2046 2017
2017 2047 2018
2018 2048 2019
2019 2049 2020
2020 2050 2021
2021 2051 2022
2022 2052 2023
2023 2053 2024
2024 2054 2025
2025 2055 2026
2026 2056 2027
2027 2057 2028
2028 2058 2029
2029 2059 2030
2030 2060 2031
2031 2061 2032
2032 2062 2033
2033 2063 2034
2034 2064 2035
2035 2065 2036
2036 2066 2037
2037 2067 2038
2038 2068 2039
2039 2069
2040 2070 2041 2069
2041 2071 2042
2042 2072 2043
2043 2073 2044
2044 2074 2045
2045 2075 2046
2046 2076 2047
2047 2077 2048
2048 2078 2049
2049 2079 2050
2050 2080 2051
2051 2081 2052
2052 2082 2053
2053 2083 2054
2054 2084 2055
2055 2085 2056
2056 2086 2057
2057 2087 2058
2058 2088 2059
2059 2089 2060
2060 2090 2061
2061 2091 2062
2062 2092 2063
2063 2093 2064
2064 2094 2065
2065 2095 2066
2066 2096 2067
2067 2097 2068
2068 2098 2069
2069 2099
2070 2100 2071 2099
2071 2101 2072
2072 2102 2073
2073 2103 2074
2074 2104 2075
2075 2105 2076
2076 2106 2077
2077 2107 2078
2078 2108 2079
2079 2109 2080
2080 2110 2081
2081 2111 2082
2082 2112 2083
2083 2113 2084
2084 2114 2085
2085 2115 2086
2086 2116 2087
2087 2117 2088
2088 2118 2089
2089 2119 2090
2090 2120 2091
2091 2121 2092
2092 2122 2093
2093 2123 2094
2094 2124 2095
2095 2125 2096
2096 2126 2097
2097 2127 2098
2098 2128 2099
2099 2129
2100 2130 2101 2129
2101 2131 2102
2102 2132 2103
2103 2133 2104
2104 2134 2105
2105 2135 2106
2106 2136 2107
2107 2137 2108
2108 2138 2109
2109 2139 2110
2110 2140 2111
2111 2141 2112
2112 2142 2113
2113 2143 2114
2114 2144 2115
2115 2145 2116
2116 2146 2117
2117 2147 2118
2118 2148 2119
2119 2149 2120
2120 2150 2121
2121 2151 2122
2122 2152 2123
2123 2153 2124
2124 2154 2125
2125 2155 2126
2126 2156 2127
2127 2157 2128
2128 2158 2129
2129 2159
2130 2160 2131 2159
2131 2161 2132
2132 2162 2133
2133 2163 2134
2134 2164 2135
2135 2165 2136
2136 2166 2137
2137 2167 2138
2138 2168 2139
2139 2169 2140
2140 2170 2141
2141 2171 2142
2142 2172 2143
2143 2173 2144
2144 2174 2145
2145 2175 2146
2146 2176 2147
2147 2177 2148
2148 2178 2149
2149 2179 2150
2150 2180 2151
2151 2181 2152
2152 2182 2153
2153 2183 2154
2154 2184 2155
2155 2185 2156
2156 2186 2157
2157 2187 2158
2158 2188 2159
2159 2189
2160 2190 2161 2189
2161 2191 2162
2162 2192 2163
2163 2193 2164
2164 2194 2165
2165 2195 2166
2166 2196 2167
2167 2197 2168
2168 2198 2169
2169 2199 2170
2170 2200 2171
2171 2201 2172
2172 2202 2173
2173 2203 2174
2174 2204 2175
2175 2205 2176
2176 2206 2177
2177 2207 2178
2178 2208 2179
2179 2209 2180
2180 2210 2181
2181 2211 2182
2182 2212 2183
2183 2213 2184
2184 2214 2185
2185 2215 2186
2186 2216 2187
2187 2217 2188
2188 2218 2189
2189 2219
2190 2220 2191 2219
2191 2221 2192
2192 2222 2193
2193 2223 2194
2194 2224 2195
2195 2225 2196
2196 2226 2197
2197 2227 2198
2198 2228 2199
2199 2229 2200
2200 2230 2201
2201 2231 2202
2202 2232 2203
2203 2233 2204
2204 2234 2205
2205 2235 2206
2206 2236 2207
2207 2237 2208
2208 2238 2209
2209 2239 2210
2210 2240 2211
2211 2241 2212
2212 2242 2213
2213 2243 2214
2214 2244 2215
2215 2245 2216
2216 2246 2217
2217 2247 2218
2218 2248 2219
2219 2249
2220 2250 2221 2249
2221 2251 2222
2222 2252 2223
2223 2253 2224
2224 2254 2225
2225 2255 2226
2226 2256 2227
2227 2257 2228
2228 2258 2229
2229 2259 2230
2230 2260 2231
2231 2261 2232
2232 2262 2233
2233 2263 2234
2234 2264 2235
2235 2265 2236
2236 2266 2237
2237 2267 2238
2238 2268 2239
2239 2269 2240
2240 2270 2241
2241 2271 2242
2242 2272 2243
2243 2273 2244
2244 2274 2245
2245 2275 2246
2246 2276 2247
2247 2277 2248
2248 2278 2249
2249 2279
2250 2280 2251 2279
2251 2281 2252
2252 2282 2253
2253 2283 2254
2254 2284 2255
2255 2285 2256
2256 2286 2257
2257 2287 2258
2258 2288 2259
2259 2289 2260
2260 2290 2261
2261 2291 2262
2262 2292 2263
2263 2293 2264
2264 2294 2265
2265 2295 2266
2266 2296 2267
2267 2297 2268
2268 2298 2269
2269 2299 2270
2270 2300 2271
2271 2301 2272
2272 2302 2273
2273 2303 2274
2274 2304 2275
2275 2305 2276
2276 2306 2277
2277 2307 2278
2278 2308 2279
2279 2309
2280 2310 2281 2309
2281 2311 2282
2282 2312 2283
2283 2313 2284
2284 2314 2285
2285 2315 2286
2286 2316 2287
2287 2317 2288
2288 2318 2289
2289 2319 2290
2290 2320 2291
2291 2321 2292
2292 2322 2293
2293 2323 2294
2294 2324 2295
2295 2325 2296
2296 2326 2297
2297 2327 2298
2298 2328 2299
2299 2329 2300
2300 2330 2301
2301 2331 2302
2302 2332 2303
2303 2333 2304
2304 2334 2305
2305 2335 2306
2306 2336 2307
2307 2337 2308
2308 2338 2309
2309 2339
2310 2340 2311 2339
2311 2341 2312
2312 2342 2313
2313 2343 2314
2314 2344 2315
2315 2345 2316
2316 2346 2317
2317 2347 2318
2318 2348 2319
2319 2349 2320
2320 2350 2321
2321 2351 2322
2322 2352 2323
2323 2353 2324
2324 2354 2325
2325 2355 2326
2326 2356 2327
2327 2357 2328
2328 2358 2329
2329 2359 2330
2330 2360 2331
2331 2361 2332
2332 2362 2333
2333 2363 2334
2334 2364 2335
2335 2365 2336
2336 2366 2337
2337 2367 2338
2338 2368 2339
2339 2369
2340 2370 2341 2369
2341 2371 2342
2342 2372 2343
2343 2373 2344
2344 2374 2345
2345 2375 2346
2346 2376 2347
2347 2377 2348
2348 2378 2349
2349 2379 2350
2350 2380 2351
2351 2381 2352
2352 2382 2353
2353 2383 2354
2354 2384 2355
2355 2385 2356
2356 2386 2357
2357 2387 2358
2358 2388 2359
2359 2389 2360
2360 2390 2361
2361 2391 2362
2362 2392 2363
2363 2393 2364
2364 2394 2365
2365 2395 2366
2366 2396 2367
2367 2397 2368
2368 2398 2369
2369 2399
2370 2400 2371 2399
2371 2401 2372
2372 2402 2373
2373 2403 2374
2374 2404 2375
2375 2405 2376
2376 2406 2377
2377 2407 2378
2378 2408 2379
2379 2409 2380
2380 2410 2381
2381 2411 2382
2382 2412 2383
2383 2413 2384
2384 2414 2385
2385 2415 2386
2386 2416 2387
2387 2417 2388
2388 2418 2389
2389 2419 2390
2390 2420 2391
2391 2421 2392
2392 2422 2393
2393 2423 2394
2394 2424 2395
2395 2425 2396
2396 2426 2397
2397 2427 2398
2398 2428 2399
2399 2429
2400 2430 2401 2429
2401 2431 2402
2402 2432 2403
2403 2433 2404
2404 2434 2405
2405 2435 2406
2406 2436 2407
2407 2437 2408
2408 2438 2409
2409 2439 2410
2410 2440 2411
2411 2441 2412
2412 2442 2413
2413 2443 2414
2414 2444 2415
2415 2445 2416
2416 2446 2417
2417 2447 2418
2418 2448 2419
2419 2449 2420
2420 2450 2421
2421 2451 2422
2422 2452 2423
2423 2453 2424
2424 2454 2425
2425 2455 2426
2426 2456 2427
2427 2457 2428
2428 2458 2429
2429 2459
2430 2460 2431 2459
2431 2461 2432
2432 2462 2433
2433 2463 2434
2434 2464 2435
2435 2465 2436
2436 2466 2437
2437 2467 2438
2438 2468 2439
2439 2469 2440
2440 2470 2441
2441 2471 2442
2442 2472 2443
2443 2473 2444
2444 2474 2445
2445 2475 2446
2446 2476 2447
2447 2477 2448
2448 2478 2449
2449 2479 2450
2450 2480 2451
2451 2481 2452
2452 2482 2453
2453 2483 2454
2454 2484 2455
2455 2485 2456
2456 2486 2457
2457 2487 2458
2458 2488 2459
2459 2489
2460 2490 2461 2489
2461 2491 2462
2462 2492 2463
2463 2493 2464
2464 2494 2465
2465 2495 2466
2466 2496 2467
2467 2497 2468
2468 2498 2469
2469 2499 2470
2470 2500 2471
2471 2501 2472
2472 2502 2473
2473 2503 2474
2474 2504 2475
2475 2505 2476
2476 2506 2477
2477 2507 2478
2478 2508 2479
2479 2509 2480
2480 2510 2481
2481 2511 2482
2482 2512 2483
2483 2513 2484
2484 2514 2485
2485 2515 2486
2486 2516 2487
2487 2517 2488
2488 2518 2489
2489 2519
2490 2520 2491 2519
2491 2521 2492
2492 2522 2493
2493 2523 2494
2494 2524 2495
2495 2525 2496
2496 2526 2497
2497 2527 2498
2498 2528 2499
2499 2529 2500
2500 2530 2501
2501 2531 2502
2502 2532 2503
2503 2533 2504
2504 2534 2505
2505 2535 2506
2506 2536 2507
2507 2537 2508
2508 2538 2509
2509 2539 2510
2510 2540 2511
2511 2541 2512
2512 2542 2513
2513 2543 2514
2514 2544 2515
2515 2545 2516
2516 2546 2517
2517 2547 2518
2518 2548 2519
2519 2549
2520 2550 2521 2549
2521 2551 2522
2522 2552 2523
2523 2553 2524
2524 2554 2525
2525 2555 2526
2526 2556 2527
2527 2557 2528
2528 2558 2529
2529 2559 2530
2530 2560 2531
2531 2561 2532
2532 2562 2533
2533 2563 2534
2534 2564 2535
2535 2565 2536
2536 2566 2537
2537 2567 2538
2538 2568 2539
2539 2569 2540
2540 2570 2541
2541 2571 2542
2542 2572 2543
2543 2573 2544
2544 2574 2545
2545 2575 2546
2546 2576 2547
2547 2577 2548
2548 2578 2549
2549 2579
2550 2580 2551 2579
2551 2581 2552
2552 2582 2553
2553 2583 2554
2554 2584 2555
2555 2585 2556
2556 2586 2557
2557 2587 2558
2558 2588 2559
2559 2589 2560
2560 2590 2561
2561 2591 2562
2562 2592 2563
2563 2593 2564
2564 2594 2565
2565 2595 2566
2566 2596 2567
2567 2597 2568
2568 2598 2569
2569 2599 2570
2570 2600 2571
2571 2601 2572
2572 2602 2573
2573 2603 2574
2574 2604 2575
2575 2605 2576
2576 2606 2577
2577 2607 2578
2578 2608 2579
2579 2609
2580 2610 2581 2609
2581 2611 2582
2582 2612 2583
2583 2613 2584
2584 2614 2585
2585 2615 2586
2586 2616 2587
2587 2617 2588
2588 2618 2589
2589 2619 2590
2590 2620 2591
2591 2621 2592
2592 2622 2593
2593 2623 2594
2594 2624 2595
2595 2625 2596
2596 2626 2597
2597 2627 2598
2598 2628 2599
2599 2629 2600
2600 2630 2601
2601 2631 2602
2602 2632 2603
2603 2633 2604
2604 2634 2605
2605 2635 2606
2606 2636 2607
2607 2637 2608
2608 2638 2609
2609 2639
2610 2640 2611 2639
2611 2641 2612
2612 2642 2613
2613 2643 2614
2614 2644 2615
2615 2645 2616
2616 2646 2617
2617 2647 2618
2618 2648 2619
2619 2649 2620
2620 2650 2621
2621 2651 2622
2622 2652 2623
2623 2653 2624
2624 2654 2625
2625 2655 2626
2626 2656 2627
2627 2657 2628
2628 2658 2629
2629 2659 2630
2630 2660 2631
2631 2661 2632
2632 2662 2633
2633 2663 2634
2634 2664 2635
2635 2665 2636
2636 2666 2637
2637 2667 2638
2638 2668 2639
2639 2669
2640 2670 2641 2669
2641 2671 2642
2642 2672 2643
2643 2673 2644
2644 2674 2645
2645 2675 2646
2646 2676 2647
2647 2677 2648
2648 2678 2649
2649 2679 2650
2650 2680 2651
2651 2681 2652
2652 2682 2653
2653 2683 2654
2654 2684 2655
2655 2685 2656
2656 2686 2657
2657 2687 2658
2658 2688 2659
2659 2689 2660
2660 2690 2661
2661 2691 2662
2662 2692 2663
2663 2693 2664
2664 2694 2665
2665 2695 2666
2666 2696 2667
2667 2697 2668
2668 2698 2669
2669 2699
2670 2700 2671 2699
2671 2701 2672
2672 2702 2673
2673 2703 2674
2674 2704 2675
2675 2705 2676
2676 2706 2677
2677 2707 2678
2678 2708 2679
2679 2709 2680
2680 2710 2681
2681 2711 2682
2682 2712 2683
2683 2713 2684
2684 2714 2685
2685 2715 2686
2686 2716 2687
2687 2717 2688
2688 2718 2689
2689 2719 2690
2690 2720 2691
2691 2721 2692
2692 2722 2693
2693 2723 2694
2694 2724 2695
2695 2725 2696
2696 2726 2697
2697 2727 2698
2698 2728 2699
2699 2729
2700 2730 2701 2729
2701 2731 2702
2702 2732 2703
2703 2733 2704
2704 2734 2705
2705 2735 2706
2706 2736 2707
2707 2737 2708
2708 2738 2709
2709 2739 2710
2710 2740 2711
2711 2741 2712
2712 2742 2713
2713 2743 2714
2714 2744 2715
2715 2745 2716
2716 2746 2717
2717 2747 2718
2718 2748 2719
2719 2749 2720
2720 2750 2721
2721 2751 2722
2722 2752 2723
2723 2753 2724
2724 2754 2725
2725 2755 2726
2726 2756 2727
2727 2757 2728
2728 2758 2729
2729 2759
2730 2760 2731 2759
2731 2761 2732
2732 2762 2733
2733 2763 2734
2734 2764 2735
2735 2765 2736
2736 2766 2737
2737 2767 2738
2738 2768 2739
2739 2769 2740
2740 2770 2741
2741 2771 2742
2742 2772 2743
2743 2773 2744
2744 2774 2745
2745 2775 2746
2746 2776 2747
2747 2777 2748
2748 2778 2749
2749 2779 2750
2750 2780 2751
2751 2781 2752
2752 2782 2753
2753 2783 2754
2754 2784 2755
2755 2785 2756
2756 2786 2757
2757 2787 2758
2758 2788 2759
2759 2789
2760 2790 2761 2789
2761 2791 2762
2762 2792 2763
2763 2793 2764
2764 2794 2765
2765 2795 2766
2766 2796 2767
2767 2797 2768
2768 2798 2769
2769 2799 2770
2770 2800 2771
2771 2801 2772
2772 2802 2773
2773 2803 2774
2774 2804 2775
2775 2805 2776
2776 2806 2777
2777 2807 2778
2778 2808 2779
2779 2809 2780
2780 2810 2781
2781 2811 2782
2782 2812 2783
2783 2813 2784
2784 2814 2785
2785 2815 2786
2786 2816 2787
2787 2817 2788
2788 2818 2789
2789 2819
2790 2820 2791 2819
2791 2821 2792
2792 2822 2793
2793 2823 2794
2794 2824 2795
2795 2825 2796
2796 2826 2797
2797 2827 2798
2798 2828 2799
2799 2829 2800
2800 2830 2801
2801 2831 2802
2802 2832 2803
2803 2833 2804
2804 2834 2805
2805 2835 2806
2806 2836 2807
2807 2837 2808
2808 2838 2809
2809 2839 2810
2810 2840 2811
2811 2841 2812
2812 2842 2813
2813 2843 2814
2814 2844 2815
2815 2845 2816
2816 2846 2817
2817 2847 2818
2818 2848 2819
2819 2849
2820 2850 2821 2849
2821 2851 2822
2822 2852 2823
2823 2853 2824
2824 2854 2825
2825 2855 2826
2826 2856 2827
2827 2857 2828
2828 2858 2829
2829 2859 2830
2830 2860 2831
2831 2861 2832
2832 2862 2833
2833 2863 2834
2834 2864 2835
2835 2865 2836
2836 2866 2837
2837 2867 2838
2838 2868 2839
2839 2869 2840
2840 2870 2841
2841 2871 2842
2842 2872 2843
2843 2873 2844
2844 2874 2845
2845 2875 2846
2846 2876 2847
2847 2877 2848
2848 2878 2849
2849 2879
2850 2880 2851 2879
2851 2881 2852
2852 2882 2853
2853 2883 2854
2854 2884 2855
2855 2885 2856
2856 2886 2857
2857 2887 2858
2858 2888 2859
2859 2889 2860
2860 2890 2861
2861 2891 2862
2862 2892 2863
2863 2893 2864
2864 2894 2865
2865 2895 2866
2866 2896 2867
2867 2897 2868
2868 2898 2869
2869 2899 2870
2870 2900 2871
2871 2901 2872
2872 2902 2873
2873 2903 2874
2874 2904 2875
2875 2905 2876
2876 2906 2877
2877 2907 2878
2878 2908 2879
2879 2909
2880 2910 2881 2909
2881 2911 2882
2882 2912 2883
2883 2913 2884
2884 2914 2885
2885 2915 2886
2886 2916 2887
2887 2917 2888
2888 2918 2889
2889 2919 2890
2890 2920 2891
2891 2921 2892
2892 2922 2893
2893 2923 2894
2894 2924 2895
2895 2925 2896
2896 2926 2897
2897 2927 2898
2898 2928 2899
2899 2929 2900
2900 2930 2901
2901 2931 2902
2902 2932 2903
2903 2933 2904
2904 2934 2905
2905 2935 2906
2906 2936 2907
2907 2937 2908
2908 2938 2909
2909 2939
2910 2940 2911 2939
2911 2941 2912
2912 2942 2913
2913 2943 2914
2914 2944 2915
2915 2945 2916
2916 2946 2917
2917 2947 2918
2918 2948 2919
2919 2949 2920
2920 2950 2921
2921 2951 2922
2922 2952 2923
2923 2953 2924
2924 2954 2925
2925 2955 2926
2926 2956 2927
2927 2957 2928
2928 2958 2929
2929 2959 2930
2930 2960 2931
2931 2961 2932
2932 2962 2933
2933 2963 2934
2934 2964 2935
2935 2965 2936
2936 2966 2937
2937 2967 2938
2938 2968 2939
2939 2969
2940 2970 2941 2969
2941 2971 2942
2942 2972 2943
2943 2973 2944
2944 2974 2945
2945 2975 2946
2946 2976 2947
2947 2977 2948
2948 2978 2949
2949 2979 2950
2950 2980 2951
2951 2981 2952
2952 2982 2953
2953 2983 2954
2954 2984 2955
2955 2985 2956
2956 2986 2957
2957 2987 2958
2958 2988 2959
2959 2989 2960
2960 2990 2961
2961 2991 2962
2962 2992 2963
2963 2993 2964
2964 2994 2965
2965 2995 2966
2966 2996 2967
2967 2997 2968
2968 2998 2969
2969 2999
2970 3000 2971 2999
2971 3001 2972
2972 3002 2973
2973 3003 2974
2974 3004 2975
2975 3005 2976
2976 3006 2977
2977 3007 2978
2978 3008 2979
2979 3009 2980
2980 3010 2981
2981 3011 2982
2982 3012 2983
2983 3013 2984
2984 3014 2985
2985 3015 2986
2986 3016 2987
2987 3017 2988
2988 3018 2989
2989 3019 2990
2990 3020 2991
2991 3021 2992
2992 3022 2993
2993 3023 2994
2994 3024 2995
2995 3025 2996
2996 3026 2997
2997 3027 2998
2998 3028 2999
2999 3029
3000 3030 3001 3029
3001 3031 3002
3002 3032 3003
3003 3033 3004
3004 3034 3005
3005 3035 3006
3006 3036 3007
3007 3037 3008
3008 3038 3009
3009 3039 3010
3010 3040 3011
3011 3041 3012
3012 3042 3013
3013 3043 3014
3014 3044 3015
3015 3045 3016
3016 3046 3017
3017 3047 3018
3018 3048 3019
3019 3049 3020
3020 3050 3021
3021 3051 3022
3022 3052 3023
3023 3053 3024
3024 3054 3025
3025 3055 3026
3026 3056 3027
3027 3057 3028
3028 3058 3029
3029 3059
3030 3060 3031 3059
3031 3061 3032
3032 3062 3033
3033 3063 3034
3034 3064 3035
3035 3065 3036
3036 3066 3037
3037 3067 3038
3038 3068 3039
3039 3069 3040
3040 3070 3041
3041 3071 3042
3042 3072 3043
3043 3073 3044
3044 3074 3045
3045 3075 3046
3046 3076 3047
3047 3077 3048
3048 3078 3049
3049 3079 3050
3050 3080 3051
3051 3081 3052
3052 3082 3053
3053 3083 3054
3054 3084 3055
3055 3085 3056
3056 3086 3057
3057 3087 3058
3058 3088 3059
3059 3089
3060 3090 3061 3089
3061 3091 3062
3062 3092 3063
3063 3093 3064
3064 3094 3065
3065 3095 3066
3066 3096 3067
3067 3097 3068
3068 3098 3069
3069 3099 3070
3070 3100 3071
3071 3101 3072
3072 3102 3073
3073 3103 3074
3074 3104 3075
3075 3105 3076
3076 3106 3077
3077 3107 3078
3078 3108 3079
3079 3109 3080
3080 3110 3081
3081 3111 3082
3082 3112 3083
3083 3113 3084
3084 3114 3085
3085 3115 3086
3086 3116 3087
3087 3117 3088
3088 3118 3089
3089 3119
3090 3120 3091 3119
3091 3121 3092
3092 3122 3093
3093 3123 3094
3094 3124 3095
3095 3125 3096
3096 3126 3097
3097 3127 3098
3098 3128 3099
3099 3129 3100
3100 3130 3101
3101 3131 3102
3102 3132 3103
3103 3133 3104
3104 3134 3105
3105 3135 3106
3106 3136 3107
3107 3137 3108
3108 3138 3109
3109 3139 3110
3110 3140 3111
3111 3141 3112
3112 3142 3113
3113 3143 3114
3114 3144 3115
3115 3145 3116
3116 3146 3117
3117 3147 3118
3118 3148 3119
3119 3149
3120 3150 3121 3149
3121 3151 3122
3122 3152 3123
3123 3153 3124
3124 3154 3125
3125 3155 3126
3126 3156 3127
3127 3157 3128
3128 3158 3129
3129 3159 3130
3130 3160 3131
3131 3161 3132
3132 3162 3133
3133 3163 3134
3134 3164 3135
3135 3165 3136
3136 3166 3137
3137 3167 3138
3138 3168 3139
3139 3169 3140
3140 3170 3141
3141 3171 3142
3142 3172 3143
3143 3173 3144
3144 3174 3145
3145 3175 3146
3146 3176 3147
3147 3177 3148
3148 3178 3149
3149 3179
3150 3180 3151 3179
3151 3181 3152
3152 3182 3153
3153 3183 3154
3154 3184 3155
3155 3185 3156
3156 3186 3157
3157 3187 3158
3158 3188 3159
3159 3189 3160
3160 3190 3161
3161 3191 3162
3162 3192 3163
3163 3193 3164
3164 3194 3165
3165 3195 3166
3166 3196 3167
3167 3197 3168
3168 3198 3169
3169 3199 3170
3170 3200 3171
3171 3201 3172
3172 3202 3173
3173 3203 3174
3174 3204 3175
3175 3205 3176
3176 3206 3177
3177 3207 3178
3178 3208 3179
3179 3209
3180 3210 3181 3209
3181 3211 3182
3182 3212 3183
3183 3213 3184
3184 3214 3185
3185 3215 3186
3186 3216 3187
3187 3217 3188
3188 3218 3189
3189 3219 3190
3190 3220 3191
3191 3221 3192
3192 3222 3193
3193 3223 3194
3194 3224 3195
3195 3225 3196
3196 3226 3197
3197 3227 3198
3198 3228 3199
3199 3229 3200
3200 3230 3201
3201 3231 3202
3202 3232 3203
3203 3233 3204
3204 3234 3205
3205 3235 3206
3206 3236 3207
3207 3237 3208
3208 3238 3209
3209 3239
3210 3240 3211 3239
3211 3241 3212
3212 3242 3213
3213 3243 3214
3214 3244 3215
3215 3245 3216
3216 3246 3217
3217 3247 3218
3218 3248 3219
3219 3249 3220
3220 3250 3221
3221 3251 3222
3222 3252 3223
3223 3253 3224
3224 3254 3225
3225 3255 3226
3226 3256 3227
3227 3257 3228
3228 3258 3229
3229 3259 3230
3230 3260 3231
3231 3261 3232
3232 3262 3233
3233 3263 3234
3234 3264 3235
3235 3265 3236
3236 3266 3237
3237 3267 3238
3238 3268 3239
3239 3269
3240 3270 3241 3269
3241 3271 3242
3242 3272 3243
3243 3273 3244
3244 3274 3245
3245 3275 3246
3246 3276 3247
3247 3277 3248
3248 3278 3249
3249 3279 3250
3250 3280 3251
3251 3281 3252
3252 3282 3253
3253 3283 3254
3254 3284 3255
3255 3285 3256
3256 3286 3257
3257 3287 3258
3258 3288 3259
3259 3289 3260
3260 3290 3261
3261 3291 3262
3262 3292 3263
3263 3293 3264
3264 3294 3265
3265 3295 3266
3266 3296 3267
3267 3297 3268
3268 3298 3269
3269 3299
3270 3300 3271 3299
3271 3301 3272
3272 3302 3273
3273 3303 3274
3274 3304 3275
3275 3305 3276
3276 3306 3277
3277 3307 3278
3278 3308 3279
3279 3309 3280
3280 3310 3281
3281 3311 3282
3282 3312 3283
3283 3313 3284
3284 3314 3285
3285 3315 3286
3286 3316 3287
3287 3317 3288
3288 3318 3289
3289 3319 3290
3290 3320 3291
3291 3321 3292
3292 3322 3293
3293 3323 3294
3294 3324 3295
3295 3325 3296
3296 3326 3297
3297 3327 3298
3298 3328 3299
3299 3329
3300 3330 3301 3329
3301 3331 3302
3302 3332 3303
3303 3333 3304
3304 3334 3305
3305 3335 3306
3306 3336 3307
3307 3337 3308
3308 3338 3309
3309 3339 3310
3310 3340 3311
3311 3341 3312
3312 3342 3313
3313 3343 3314
3314 3344 3315
3315 3345 3316
3316 3346 3317
3317 3347 3318
3318 3348 3319
3319 3349 3320
3320 3350 3321
3321 3351 3322
3322 3352 3323
3323 3353 3324
3324 3354 3325
3325 3355 3326
3326 3356 3327
3327 3357 3328
3328 3358 3329
3329 3359
3330 3360 3331 3359
3331 3361 3332
3332 3362 3333
3333 3363 3334
3334 3364 3335
3335 3365 3336
3336 3366 3337
3337 3367 3338
3338 3368 3339
3339 3369 3340
3340 3370 3341
3341 3371 3342
3342 3372 3343
3343 3373 3344
3344 3374 3345
3345 3375 3346
3346 3376 3347
3347 3377 3348
3348 3378 3349
3349 3379 3350
3350 3380 3351
3351 3381 3352
3352 3382 3353
3353 3383 3354
3354 3384 3355
3355 3385 3356
3356 3386 3357
3357 3387 3358
3358 3388 3359
3359 3389
3360 3390 3361 3389
3361 3391 3362
3362 3392 3363
3363 3393 3364
3364 3394 3365
3365 3395 3366
3366 3396 3367
3367 3397 3368
3368 3398 3369
3369 3399 3370
3370 3400 3371
3371 3401 3372
3372 3402 3373
3373 3403 3374
3374 3404 3375
3375 3405 3376
3376 3406 3377
3377 3407 3378
3378 3408 3379
3379 3409 3380
3380 3410 3381
3381 3411 3382
3382 3412 3383
3383 3413 3384
3384 3414 3385
3385 3415 3386
3386 3416 3387
3387 3417 3388
3388 3418 3389
3389 3419
3390 3420 3391 3419
3391 3421 3392
3392 3422 3393
3393 3423 3394
3394 3424 3395
3395 3425 3396
3396 3426 3397
3397 3427 3398
3398 3428 3399
3399 3429 3400
3400 3430 3401
3401 3431 3402
3402 3432 3403
3403 3433 3404
3404 3434 3405
3405 3435 3406
3406 3436 3407
3407 3437 3408
3408 3438 3409
3409 3439 3410
3410 3440 3411
3411 3441 3412
3412 3442 3413
3413 3443 3414
3414 3444 3415
3415 3445 3416
3416 3446 3417
3417 3447 3418
3418 3448 3419
3419 3449
3420 3450 3421 3449
3421 3451 3422
3422 3452 3423
3423 3453 3424
3424 3454 3425
3425 3455 3426
3426 3456 3427
3427 3457 3428
3428 3458 3429
3429 3459 3430
3430 3460 3431
3431 3461 3432
3432 3462 3433
3433 3463 3434
3434 3464 3435
3435 3465 3436
3436 3466 3437
3437 3467 3438
3438 3468 3439
3439 3469 3440
3440 3470 3441
3441 3471 3442
3442 3472 3443
3443 3473 3444
3444 3474 3445
3445 3475 3446
3446 3476 3447
3447 3477 3448
3448 3478 3449
3449 3479
3450 3480 3451 3479
3451 3481 3452
3452 3482 3453
3453 3483 3454
3454 3484 3455
3455 3485 3456
3456 3486 3457
3457 3487 3458
3458 3488 3459
3459 3489 3460
3460 3490 3461
3461 3491 3462
3462 3492 3463
3463 3493 3464
3464 3494 3465
3465 3495 3466
3466 3496 3467
3467 3497 3468
3468 3498 3469
3469 3499 3470
3470 3500 3471
3471 3501 3472
3472 3502 3473
3473 3503 3474
3474 3504 3475
3475 3505 3476
3476 3506 3477
3477 3507 3478
3478 3508 3479
3479 3509
3480 3510 3481 3509
3481 3511 3482
3482 3512 3483
3483 3513 3484
3484 3514 3485
3485 3515 3486
3486 3516 3487
3487 3517 3488
3488 3518 3489
3489 3519 3490
3490 3520 3491
3491 3521 3492
3492 3522 3493
3493 3523 3494
3494 3524 3495
3495 3525 3496
3496 3526 3497
3497 3527 3498
3498 3528 3499
3499 3529 3500
3500 3530 3501
3501 3531 3502
3502 3532 3503
3503 3533 3504
3504 3534 3505
3505 3535 3506
3506 3536 3507
3507 3537 3508
3508 3538 3509
3509 3539
3510 3540 3511 3539
3511 3541 3512
3512 3542 3513
3513 3543 3514
3514 3544 3515
3515 3545 3516
3516 3546 3517
3517 3547 3518
3518 3548 3519
3519 3549 3520
3520 3550 3521
3521 3551 3522
3522 3552 3523
3523 3553 3524
3524 3554 3525
3525 3555 3526
3526 3556 3527
3527 3557 3528
3528 3558 3529
3529 3559 3530
3530 3560 3531
3531 3561 3532
3532 3562 3533
3533 3563 3534
3534 3564 3535
3535 3565 3536
3536 3566 3537
3537 3567 3538
3538 3568 3539
3539 3569
3540 3570 3541 3569
3541 3571 3542
3542 3572 3543
3543 3573 3544
3544 3574 3545
3545 3575 3546
3546 3576 3547
3547 3577 3548
3548 3578 3549
3549 3579 3550
3550 3580 3551
3551 3581 3552
3552 3582 3553
3553 3583 3554
3554 3584 3555
3555 3585 3556
3556 3586 3557
3557 3587 3558
3558 3588 3559
3559 3589 3560
3560 3590 3561
3561 3591 3562
3562 3592 3563
3563 3593 3564
3564 3594 3565
3565 3595 3566
3566 3596 3567
3567 3597 3568
3568 3598 3569
3569 3599
3570 3571 3599
3571 3572
3572 3573
3573 3574
3574 3575
3575 3576
3576 3577
3577 3578
3578 3579
3579 3580
3580 3581
3581 3582
3582 3583
3583 3584
3584 3585
3585 3586
3586 3587
3587 3588
3588 3589
3589 3590
3590 3591
3591 3592
3592 3593
3593 3594
3594 3595
3595 3596
3596 3597
3597 3598
3598 3599
3599
