#gen-graphs.py --config=example-graph-gen-config.json
# GMT Thu Nov 14 17:20:10 2024
# 
0 3540 60 1 59
1 3541 61 2
2 3542 62 3
3 3543 63 4
4 3544 64 5
5 3545 65 6
6 3546 66 7
7 3547 67 8
8 3548 68 9
9 3549 69 10
10 3550 70 11
11 3551 71 12
12 3552 72 13
13 3553 73 14
14 3554 74 15
15 3555 75 16
16 3556 76 17
17 3557 77 18
18 3558 78 19
19 3559 79 20
20 3560 80 21
21 3561 81 22
22 3562 82 23
23 3563 83 24
24 3564 84 25
25 3565 85 26
26 3566 86 27
27 3567 87 28
28 3568 88 29
29 3569 89 30
30 3570 90 31
31 3571 91 32
32 3572 92 33
33 3573 93 34
34 3574 94 35
35 3575 95 36
36 3576 96 37
37 3577 97 38
38 3578 98 39
39 3579 99 40
40 3580 100 41
41 3581 101 42
42 3582 102 43
43 3583 103 44
44 3584 104 45
45 3585 105 46
46 3586 106 47
47 3587 107 48
48 3588 108 49
49 3589 109 50
50 3590 110 51
51 3591 111 52
52 3592 112 53
53 3593 113 54
54 3594 114 55
55 3595 115 56
56 3596 116 57
57 3597 117 58
58 3598 118 59
59 3599 119
60 120 61 119
61 121 62
62 122 63
63 123 64
64 124 65
65 125 66
66 126 67
67 127 68
68 128 69
69 129 70
70 130 71
71 131 72
72 132 73
73 133 74
74 134 75
75 135 76
76 136 77
77 137 78
78 138 79
79 139 80
80 140 81
81 141 82
82 142 83
83 143 84
84 144 85
85 145 86
86 146 87
87 147 88
88 148 89
89 149 90
90 150 91
91 151 92
92 152 93
93 153 94
94 154 95
95 155 96
96 156 97
97 157 98
98 158 99
99 159 100
100 160 101
101 161 102
102 162 103
103 163 104
104 164 105
105 165 106
106 166 107
107 167 108
108 168 109
109 169 110
110 170 111
111 171 112
112 172 113
113 173 114
114 174 115
115 175 116
116 176 117
117 177 118
118 178 119
119 179
120 180 121 179
121 181 122
122 182 123
123 183 124
124 184 125
125 185 126
126 186 127
127 187 128
128 188 129
129 189 130
130 190 131
131 191 132
132 192 133
133 193 134
134 194 135
135 195 136
136 196 137
137 197 138
138 198 139
139 199 140
140 200 141
141 201 142
142 202 143
143 203 144
144 204 145
145 205 146
146 206 147
147 207 148
148 208 149
149 209 150
150 210 151
151 211 152
152 212 153
153 213 154
154 214 155
155 215 156
156 216 157
157 217 158
158 218 159
159 219 160
160 220 161
161 221 162
162 222 163
163 223 164
164 224 165
165 225 166
166 226 167
167 227 168
168 228 169
169 229 170
170 230 171
171 231 172
172 232 173
173 233 174
174 234 175
175 235 176
176 236 177
177 237 178
178 238 179
179 239
180 240 181 239
181 241 182
182 242 183
183 243 184
184 244 185
185 245 186
186 246 187
187 247 188
188 248 189
189 249 190
190 250 191
191 251 192
192 252 193
193 253 194
194 254 195
195 255 196
196 256 197
197 257 198
198 258 199
199 259 200
200 260 201
201 261 202
202 262 203
203 263 204
204 264 205
205 265 206
206 266 207
207 267 208
208 268 209
209 269 210
210 270 211
211 271 212
212 272 213
213 273 214
214 274 215
215 275 216
216 276 217
217 277 218
218 278 219
219 279 220
220 280 221
221 281 222
222 282 223
223 283 224
224 284 225
225 285 226
226 286 227
227 287 228
228 288 229
229 289 230
230 290 231
231 291 232
232 292 233
233 293 234
234 294 235
235 295 236
236 296 237
237 297 238
238 298 239
239 299
240 300 241 299
241 301 242
242 302 243
243 303 244
244 304 245
245 305 246
246 306 247
247 307 248
248 308 249
249 309 250
250 310 251
251 311 252
252 312 253
253 313 254
254 314 255
255 315 256
256 316 257
257 317 258
258 318 259
259 319 260
260 320 261
261 321 262
262 322 263
263 323 264
264 324 265
265 325 266
266 326 267
267 327 268
268 328 269
269 329 270
270 330 271
271 331 272
272 332 273
273 333 274
274 334 275
275 335 276
276 336 277
277 337 278
278 338 279
279 339 280
280 340 281
281 341 282
282 342 283
283 343 284
284 344 285
285 345 286
286 346 287
287 347 288
288 348 289
289 349 290
290 350 291
291 351 292
292 352 293
293 353 294
294 354 295
295 355 296
296 356 297
297 357 298
298 358 299
299 359
300 360 301 359
301 361 302
302 362 303
303 363 304
304 364 305
305 365 306
306 366 307
307 367 308
308 368 309
309 369 310
310 370 311
311 371 312
312 372 313
313 373 314
314 374 315
315 375 316
316 376 317
317 377 318
318 378 319
319 379 320
320 380 321
321 381 322
322 382 323
323 383 324
324 384 325
325 385 326
326 386 327
327 387 328
328 388 329
329 389 330
330 390 331
331 391 332
332 392 333
333 393 334
334 394 335
335 395 336
336 396 337
337 397 338
338 398 339
339 399 340
340 400 341
341 401 342
342 402 343
343 403 344
344 404 345
345 405 346
346 406 347
347 407 348
348 408 349
349 409 350
350 410 351
351 411 352
352 412 353
353 413 354
354 414 355
355 415 356
356 416 357
357 417 358
358 418 359
359 419
360 420 361 419
361 421 362
362 422 363
363 423 364
364 424 365
365 425 366
366 426 367
367 427 368
368 428 369
369 429 370
370 430 371
371 431 372
372 432 373
373 433 374
374 434 375
375 435 376
376 436 377
377 437 378
378 438 379
379 439 380
380 440 381
381 441 382
382 442 383
383 443 384
384 444 385
385 445 386
386 446 387
387 447 388
388 448 389
389 449 390
390 450 391
391 451 392
392 452 393
393 453 394
394 454 395
395 455 396
396 456 397
397 457 398
398 458 399
399 459 400
400 460 401
401 461 402
402 462 403
403 463 404
404 464 405
405 465 406
406 466 407
407 467 408
408 468 409
409 469 410
410 470 411
411 471 412
412 472 413
413 473 414
414 474 415
415 475 416
416 476 417
417 477 418
418 478 419
419 479
420 480 421 479
421 481 422
422 482 423
423 483 424
424 484 425
425 485 426
426 486 427
427 487 428
428 488 429
429 489 430
430 490 431
431 491 432
432 492 433
433 493 434
434 494 435
435 495 436
436 496 437
437 497 438
438 498 439
439 499 440
440 500 441
441 501 442
442 502 443
443 503 444
444 504 445
445 505 446
446 506 447
447 507 448
448 508 449
449 509 450
450 510 451
451 511 452
452 512 453
453 513 454
454 514 455
455 515 456
456 516 457
457 517 458
458 518 459
459 519 460
460 520 461
461 521 462
462 522 463
463 523 464
464 524 465
465 525 466
466 526 467
467 527 468
468 528 469
469 529 470
470 530 471
471 531 472
472 532 473
473 533 474
474 534 475
475 535 476
476 536 477
477 537 478
478 538 479
479 539
480 540 481 539
481 541 482
482 542 483
483 543 484
484 544 485
485 545 486
486 546 487
487 547 488
488 548 489
489 549 490
490 550 491
491 551 492
492 552 493
493 553 494
494 554 495
495 555 496
496 556 497
497 557 498
498 558 499
499 559 500
500 560 501
501 561 502
502 562 503
503 563 504
504 564 505
505 565 506
506 566 507
507 567 508
508 568 509
509 569 510
510 570 511
511 571 512
512 572 513
513 573 514
514 574 515
515 575 516
516 576 517
517 577 518
518 578 519
519 579 520
520 580 521
521 581 522
522 582 523
523 583 524
524 584 525
525 585 526
526 586 527
527 587 528
528 588 529
529 589 530
530 590 531
531 591 532
532 592 533
533 593 534
534 594 535
535 595 536
536 596 537
537 597 538
538 598 539
539 599
540 600 541 599
541 601 542
542 602 543
543 603 544
544 604 545
545 605 546
546 606 547
547 607 548
548 608 549
549 609 550
550 610 551
551 611 552
552 612 553
553 613 554
554 614 555
555 615 556
556 616 557
557 617 558
558 618 559
559 619 560
560 620 561
561 621 562
562 622 563
563 623 564
564 624 565
565 625 566
566 626 567
567 627 568
568 628 569
569 629 570
570 630 571
571 631 572
572 632 573
573 633 574
574 634 575
575 635 576
576 636 577
577 637 578
578 638 579
579 639 580
580 640 581
581 641 582
582 642 583
583 643 584
584 644 585
585 645 586
586 646 587
587 647 588
588 648 589
589 649 590
590 650 591
591 651 592
592 652 593
593 653 594
594 654 595
595 655 596
596 656 597
597 657 598
598 658 599
599 659
600 660 601 659
601 661 602
602 662 603
603 663 604
604 664 605
605 665 606
606 666 607
607 667 608
608 668 609
609 669 610
610 670 611
611 671 612
612 672 613
613 673 614
614 674 615
615 675 616
616 676 617
617 677 618
618 678 619
619 679 620
620 680 621
621 681 622
622 682 623
623 683 624
624 684 625
625 685 626
626 686 627
627 687 628
628 688 629
629 689 630
630 690 631
631 691 632
632 692 633
633 693 634
634 694 635
635 695 636
636 696 637
637 697 638
638 698 639
639 699 640
640 700 641
641 701 642
642 702 643
643 703 644
644 704 645
645 705 646
646 706 647
647 707 648
648 708 649
649 709 650
650 710 651
651 711 652
652 712 653
653 713 654
654 714 655
655 715 656
656 716 657
657 717 658
658 718 659
659 719
660 720 661 719
661 721 662
662 722 663
663 723 664
664 724 665
665 725 666
666 726 667
667 727 668
668 728 669
669 729 670
670 730 671
671 731 672
672 732 673
673 733 674
674 734 675
675 735 676
676 736 677
677 737 678
678 738 679
679 739 680
680 740 681
681 741 682
682 742 683
683 743 684
684 744 685
685 745 686
686 746 687
687 747 688
688 748 689
689 749 690
690 750 691
691 751 692
692 752 693
693 753 694
694 754 695
695 755 696
696 756 697
697 757 698
698 758 699
699 759 700
700 760 701
701 761 702
702 762 703
703 763 704
704 764 705
705 765 706
706 766 707
707 767 708
708 768 709
709 769 710
710 770 711
711 771 712
712 772 713
713 773 714
714 774 715
715 775 716
716 776 717
717 777 718
718 778 719
719 779
720 780 721 779
721 781 722
722 782 723
723 783 724
724 784 725
725 785 726
726 786 727
727 787 728
728 788 729
729 789 730
730 790 731
731 791 732
732 792 733
733 793 734
734 794 735
735 795 736
736 796 737
737 797 738
738 798 739
739 799 740
740 800 741
741 801 742
742 802 743
743 803 744
744 804 745
745 805 746
746 806 747
747 807 748
748 808 749
749 809 750
750 810 751
751 811 752
752 812 753
753 813 754
754 814 755
755 815 756
756 816 757
757 817 758
758 818 759
759 819 760
760 820 761
761 821 762
762 822 763
763 823 764
764 824 765
765 825 766
766 826 767
767 827 768
768 828 769
769 829 770
770 830 771
771 831 772
772 832 773
773 833 774
774 834 775
775 835 776
776 836 777
777 837 778
778 838 779
779 839
780 840 781 839
781 841 782
782 842 783
783 843 784
784 844 785
785 845 786
786 846 787
787 847 788
788 848 789
789 849 790
790 850 791
791 851 792
792 852 793
793 853 794
794 854 795
795 855 796
796 856 797
797 857 798
798 858 799
799 859 800
800 860 801
801 861 802
802 862 803
803 863 804
804 864 805
805 865 806
806 866 807
807 867 808
808 868 809
809 869 810
810 870 811
811 871 812
812 872 813
813 873 814
814 874 815
815 875 816
816 876 817
817 877 818
818 878 819
819 879 820
820 880 821
821 881 822
822 882 823
823 883 824
824 884 825
825 885 826
826 886 827
827 887 828
828 888 829
829 889 830
830 890 831
831 891 832
832 892 833
833 893 834
834 894 835
835 895 836
836 896 837
837 897 838
838 898 839
839 899
840 900 841 899
841 901 842
842 902 843
843 903 844
844 904 845
845 905 846
846 906 847
847 907 848
848 908 849
849 909 850
850 910 851
851 911 852
852 912 853
853 913 854
854 914 855
855 915 856
856 916 857
857 917 858
858 918 859
859 919 860
860 920 861
861 921 862
862 922 863
863 923 864
864 924 865
865 925 866
866 926 867
867 927 868
868 928 869
869 929 870
870 930 871
871 931 872
872 932 873
873 933 874
874 934 875
875 935 876
876 936 877
877 937 878
878 938 879
879 939 880
880 940 881
881 941 882
882 942 883
883 943 884
884 944 885
885 945 886
886 946 887
887 947 888
888 948 889
889 949 890
890 950 891
891 951 892
892 952 893
893 953 894
894 954 895
895 955 896
896 956 897
897 957 898
898 958 899
899 959
900 960 901 959
901 961 902
902 962 903
903 963 904
904 964 905
905 965 906
906 966 907
907 967 908
908 968 909
909 969 910
910 970 911
911 971 912
912 972 913
913 973 914
914 974 915
915 975 916
916 976 917
917 977 918
918 978 919
919 979 920
920 980 921
921 981 922
922 982 923
923 983 924
924 984 925
925 985 926
926 986 927
927 987 928
928 988 929
929 989 930
930 990 931
931 991 932
932 992 933
933 993 934
934 994 935
935 995 936
936 996 937
937 997 938
938 998 939
939 999 940
940 1000 941
941 1001 942
942 1002 943
943 1003 944
944 1004 945
945 1005 946
946 1006 947
947 1007 948
948 1008 949
949 1009 950
950 1010 951
951 1011 952
952 1012 953
953 1013 954
954 1014 955
955 1015 956
956 1016 957
957 1017 958
958 1018 959
959 1019
960 1020 961 1019
961 1021 962
962 1022 963
963 1023 964
964 1024 965
965 1025 966
966 1026 967
967 1027 968
968 1028 969
969 1029 970
970 1030 971
971 1031 972
972 1032 973
973 1033 974
974 1034 975
975 1035 976
976 1036 977
977 1037 978
978 1038 979
979 1039 980
980 1040 981
981 1041 982
982 1042 983
983 1043 984
984 1044 985
985 1045 986
986 1046 987
987 1047 988
988 1048 989
989 1049 990
990 1050 991
991 1051 992
992 1052 993
993 1053 994
994 1054 995
995 1055 996
996 1056 997
997 1057 998
998 1058 999
999 1059 1000
1000 1060 1001
1001 1061 1002
1002 1062 1003
1003 1063 1004
1004 1064 1005
1005 1065 1006
1006 1066 1007
1007 1067 1008
1008 1068 1009
1009 1069 1010
1010 1070 1011
1011 1071 1012
1012 1072 1013
1013 1073 1014
1014 1074 1015
1015 1075 1016
1016 1076 1017
1017 1077 1018
1018 1078 1019
1019 1079
1020 1080 1021 1079
1021 1081 1022
1022 1082 1023
1023 1083 1024
1024 1084 1025
1025 1085 1026
1026 1086 1027
1027 1087 1028
1028 1088 1029
1029 1089 1030
1030 1090 1031
1031 1091 1032
1032 1092 1033
1033 1093 1034
1034 1094 1035
1035 1095 1036
1036 1096 1037
1037 1097 1038
1038 1098 1039
1039 1099 1040
1040 1100 1041
1041 1101 1042
1042 1102 1043
1043 1103 1044
1044 1104 1045
1045 1105 1046
1046 1106 1047
1047 1107 1048
1048 1108 1049
1049 1109 1050
1050 1110 1051
1051 1111 1052
1052 1112 1053
1053 1113 1054
1054 1114 1055
1055 1115 1056
1056 1116 1057
1057 1117 1058
1058 1118 1059
1059 1119 1060
1060 1120 1061
1061 1121 1062
1062 1122 1063
1063 1123 1064
1064 1124 1065
1065 1125 1066
1066 1126 1067
1067 1127 1068
1068 1128 1069
1069 1129 1070
1070 1130 1071
1071 1131 1072
1072 1132 1073
1073 1133 1074
1074 1134 1075
1075 1135 1076
1076 1136 1077
1077 1137 1078
1078 1138 1079
1079 1139
1080 1140 1081 1139
1081 1141 1082
1082 1142 1083
1083 1143 1084
1084 1144 1085
1085 1145 1086
1086 1146 1087
1087 1147 1088
1088 1148 1089
1089 1149 1090
1090 1150 1091
1091 1151 1092
1092 1152 1093
1093 1153 1094
1094 1154 1095
1095 1155 1096
1096 1156 1097
1097 1157 1098
1098 1158 1099
1099 1159 1100
1100 1160 1101
1101 1161 1102
1102 1162 1103
1103 1163 1104
1104 1164 1105
1105 1165 1106
1106 1166 1107
1107 1167 1108
1108 1168 1109
1109 1169 1110
1110 1170 1111
1111 1171 1112
1112 1172 1113
1113 1173 1114
1114 1174 1115
1115 1175 1116
1116 1176 1117
1117 1177 1118
1118 1178 1119
1119 1179 1120
1120 1180 1121
1121 1181 1122
1122 1182 1123
1123 1183 1124
1124 1184 1125
1125 1185 1126
1126 1186 1127
1127 1187 1128
1128 1188 1129
1129 1189 1130
1130 1190 1131
1131 1191 1132
1132 1192 1133
1133 1193 1134
1134 1194 1135
1135 1195 1136
1136 1196 1137
1137 1197 1138
1138 1198 1139
1139 1199
1140 1200 1141 1199
1141 1201 1142
1142 1202 1143
1143 1203 1144
1144 1204 1145
1145 1205 1146
1146 1206 1147
1147 1207 1148
1148 1208 1149
1149 1209 1150
1150 1210 1151
1151 1211 1152
1152 1212 1153
1153 1213 1154
1154 1214 1155
1155 1215 1156
1156 1216 1157
1157 1217 1158
1158 1218 1159
1159 1219 1160
1160 1220 1161
1161 1221 1162
1162 1222 1163
1163 1223 1164
1164 1224 1165
1165 1225 1166
1166 1226 1167
1167 1227 1168
1168 1228 1169
1169 1229 1170
1170 1230 1171
1171 1231 1172
1172 1232 1173
1173 1233 1174
1174 1234 1175
1175 1235 1176
1176 1236 1177
1177 1237 1178
1178 1238 1179
1179 1239 1180
1180 1240 1181
1181 1241 1182
1182 1242 1183
1183 1243 1184
1184 1244 1185
1185 1245 1186
1186 1246 1187
1187 1247 1188
1188 1248 1189
1189 1249 1190
1190 1250 1191
1191 1251 1192
1192 1252 1193
1193 1253 1194
1194 1254 1195
1195 1255 1196
1196 1256 1197
1197 1257 1198
1198 1258 1199
1199 1259
1200 1260 1201 1259
1201 1261 1202
1202 1262 1203
1203 1263 1204
1204 1264 1205
1205 1265 1206
1206 1266 1207
1207 1267 1208
1208 1268 1209
1209 1269 1210
1210 1270 1211
1211 1271 1212
1212 1272 1213
1213 1273 1214
1214 1274 1215
1215 1275 1216
1216 1276 1217
1217 1277 1218
1218 1278 1219
1219 1279 1220
1220 1280 1221
1221 1281 1222
1222 1282 1223
1223 1283 1224
1224 1284 1225
1225 1285 1226
1226 1286 1227
1227 1287 1228
1228 1288 1229
1229 1289 1230
1230 1290 1231
1231 1291 1232
1232 1292 1233
1233 1293 1234
1234 1294 1235
1235 1295 1236
1236 1296 1237
1237 1297 1238
1238 1298 1239
1239 1299 1240
1240 1300 1241
1241 1301 1242
1242 1302 1243
1243 1303 1244
1244 1304 1245
1245 1305 1246
1246 1306 1247
1247 1307 1248
1248 1308 1249
1249 1309 1250
1250 1310 1251
1251 1311 1252
1252 1312 1253
1253 1313 1254
1254 1314 1255
1255 1315 1256
1256 1316 1257
1257 1317 1258
1258 1318 1259
1259 1319
1260 1320 1261 1319
1261 1321 1262
1262 1322 1263
1263 1323 1264
1264 1324 1265
1265 1325 1266
1266 1326 1267
1267 1327 1268
1268 1328 1269
1269 1329 1270
1270 1330 1271
1271 1331 1272
1272 1332 1273
1273 1333 1274
1274 1334 1275
1275 1335 1276
1276 1336 1277
1277 1337 1278
1278 1338 1279
1279 1339 1280
1280 1340 1281
1281 1341 1282
1282 1342 1283
1283 1343 1284
1284 1344 1285
1285 1345 1286
1286 1346 1287
1287 1347 1288
1288 1348 1289
1289 1349 1290
1290 1350 1291
1291 1351 1292
1292 1352 1293
1293 1353 1294
1294 1354 1295
1295 1355 1296
1296 1356 1297
1297 1357 1298
1298 1358 1299
1299 1359 1300
1300 1360 1301
1301 1361 1302
1302 1362 1303
1303 1363 1304
1304 1364 1305
1305 1365 1306
1306 1366 1307
1307 1367 1308
1308 1368 1309
1309 1369 1310
1310 1370 1311
1311 1371 1312
1312 1372 1313
1313 1373 1314
1314 1374 1315
1315 1375 1316
1316 1376 1317
1317 1377 1318
1318 1378 1319
1319 1379
1320 1380 1321 1379
1321 1381 1322
1322 1382 1323
1323 1383 1324
1324 1384 1325
1325 1385 1326
1326 1386 1327
1327 1387 1328
1328 1388 1329
1329 1389 1330
1330 1390 1331
1331 1391 1332
1332 1392 1333
1333 1393 1334
1334 1394 1335
1335 1395 1336
1336 1396 1337
1337 1397 1338
1338 1398 1339
1339 1399 1340
1340 1400 1341
1341 1401 1342
1342 1402 1343
1343 1403 1344
1344 1404 1345
1345 1405 1346
1346 1406 1347
1347 1407 1348
1348 1408 1349
1349 1409 1350
1350 1410 1351
1351 1411 1352
1352 1412 1353
1353 1413 1354
1354 1414 1355
1355 1415 1356
1356 1416 1357
1357 1417 1358
1358 1418 1359
1359 1419 1360
1360 1420 1361
1361 1421 1362
1362 1422 1363
1363 1423 1364
1364 1424 1365
1365 1425 1366
1366 1426 1367
1367 1427 1368
1368 1428 1369
1369 1429 1370
1370 1430 1371
1371 1431 1372
1372 1432 1373
1373 1433 1374
1374 1434 1375
1375 1435 1376
1376 1436 1377
1377 1437 1378
1378 1438 1379
1379 1439
1380 1440 1381 1439
1381 1441 1382
1382 1442 1383
1383 1443 1384
1384 1444 1385
1385 1445 1386
1386 1446 1387
1387 1447 1388
1388 1448 1389
1389 1449 1390
1390 1450 1391
1391 1451 1392
1392 1452 1393
1393 1453 1394
1394 1454 1395
1395 1455 1396
1396 1456 1397
1397 1457 1398
1398 1458 1399
1399 1459 1400
1400 1460 1401
1401 1461 1402
1402 1462 1403
1403 1463 1404
1404 1464 1405
1405 1465 1406
1406 1466 1407
1407 1467 1408
1408 1468 1409
1409 1469 1410
1410 1470 1411
1411 1471 1412
1412 1472 1413
1413 1473 1414
1414 1474 1415
1415 1475 1416
1416 1476 1417
1417 1477 1418
1418 1478 1419
1419 1479 1420
1420 1480 1421
1421 1481 1422
1422 1482 1423
1423 1483 1424
1424 1484 1425
1425 1485 1426
1426 1486 1427
1427 1487 1428
1428 1488 1429
1429 1489 1430
1430 1490 1431
1431 1491 1432
1432 1492 1433
1433 1493 1434
1434 1494 1435
1435 1495 1436
1436 1496 1437
1437 1497 1438
1438 1498 1439
1439 1499
1440 1500 1441 1499
1441 1501 1442
1442 1502 1443
1443 1503 1444
1444 1504 1445
1445 1505 1446
1446 1506 1447
1447 1507 1448
1448 1508 1449
1449 1509 1450
1450 1510 1451
1451 1511 1452
1452 1512 1453
1453 1513 1454
1454 1514 1455
1455 1515 1456
1456 1516 1457
1457 1517 1458
1458 1518 1459
1459 1519 1460
1460 1520 1461
1461 1521 1462
1462 1522 1463
1463 1523 1464
1464 1524 1465
1465 1525 1466
1466 1526 1467
1467 1527 1468
1468 1528 1469
1469 1529 1470
1470 1530 1471
1471 1531 1472
1472 1532 1473
1473 1533 1474
1474 1534 1475
1475 1535 1476
1476 1536 1477
1477 1537 1478
1478 1538 1479
1479 1539 1480
1480 1540 1481
1481 1541 1482
1482 1542 1483
1483 1543 1484
1484 1544 1485
1485 1545 1486
1486 1546 1487
1487 1547 1488
1488 1548 1489
1489 1549 1490
1490 1550 1491
1491 1551 1492
1492 1552 1493
1493 1553 1494
1494 1554 1495
1495 1555 1496
1496 1556 1497
1497 1557 1498
1498 1558 1499
1499 1559
1500 1560 1501 1559
1501 1561 1502
1502 1562 1503
1503 1563 1504
1504 1564 1505
1505 1565 1506
1506 1566 1507
1507 1567 1508
1508 1568 1509
1509 1569 1510
1510 1570 1511
1511 1571 1512
1512 1572 1513
1513 1573 1514
1514 1574 1515
1515 1575 1516
1516 1576 1517
1517 1577 1518
1518 1578 1519
1519 1579 1520
1520 1580 1521
1521 1581 1522
1522 1582 1523
1523 1583 1524
1524 1584 1525
1525 1585 1526
1526 1586 1527
1527 1587 1528
1528 1588 1529
1529 1589 1530
1530 1590 1531
1531 1591 1532
1532 1592 1533
1533 1593 1534
1534 1594 1535
1535 1595 1536
1536 1596 1537
1537 1597 1538
1538 1598 1539
1539 1599 1540
1540 1600 1541
1541 1601 1542
1542 1602 1543
1543 1603 1544
1544 1604 1545
1545 1605 1546
1546 1606 1547
1547 1607 1548
1548 1608 1549
1549 1609 1550
1550 1610 1551
1551 1611 1552
1552 1612 1553
1553 1613 1554
1554 1614 1555
1555 1615 1556
1556 1616 1557
1557 1617 1558
1558 1618 1559
1559 1619
1560 1620 1561 1619
1561 1621 1562
1562 1622 1563
1563 1623 1564
1564 1624 1565
1565 1625 1566
1566 1626 1567
1567 1627 1568
1568 1628 1569
1569 1629 1570
1570 1630 1571
1571 1631 1572
1572 1632 1573
1573 1633 1574
1574 1634 1575
1575 1635 1576
1576 1636 1577
1577 1637 1578
1578 1638 1579
1579 1639 1580
1580 1640 1581
1581 1641 1582
1582 1642 1583
1583 1643 1584
1584 1644 1585
1585 1645 1586
1586 1646 1587
1587 1647 1588
1588 1648 1589
1589 1649 1590
1590 1650 1591
1591 1651 1592
1592 1652 1593
1593 1653 1594
1594 1654 1595
1595 1655 1596
1596 1656 1597
1597 1657 1598
1598 1658 1599
1599 1659 1600
1600 1660 1601
1601 1661 1602
1602 1662 1603
1603 1663 1604
1604 1664 1605
1605 1665 1606
1606 1666 1607
1607 1667 1608
1608 1668 1609
1609 1669 1610
1610 1670 1611
1611 1671 1612
1612 1672 1613
1613 1673 1614
1614 1674 1615
1615 1675 1616
1616 1676 1617
1617 1677 1618
1618 1678 1619
1619 1679
1620 1680 1621 1679
1621 1681 1622
1622 1682 1623
1623 1683 1624
1624 1684 1625
1625 1685 1626
1626 1686 1627
1627 1687 1628
1628 1688 1629
1629 1689 1630
1630 1690 1631
1631 1691 1632
1632 1692 1633
1633 1693 1634
1634 1694 1635
1635 1695 1636
1636 1696 1637
1637 1697 1638
1638 1698 1639
1639 1699 1640
1640 1700 1641
1641 1701 1642
1642 1702 1643
1643 1703 1644
1644 1704 1645
1645 1705 1646
1646 1706 1647
1647 1707 1648
1648 1708 1649
1649 1709 1650
1650 1710 1651
1651 1711 1652
1652 1712 1653
1653 1713 1654
1654 1714 1655
1655 1715 1656
1656 1716 1657
1657 1717 1658
1658 1718 1659
1659 1719 1660
1660 1720 1661
1661 1721 1662
1662 1722 1663
1663 1723 1664
1664 1724 1665
1665 1725 1666
1666 1726 1667
1667 1727 1668
1668 1728 1669
1669 1729 1670
1670 1730 1671
1671 1731 1672
1672 1732 1673
1673 1733 1674
1674 1734 1675
1675 1735 1676
1676 1736 1677
1677 1737 1678
1678 1738 1679
1679 1739
1680 1740 1681 1739
1681 1741 1682
1682 1742 1683
1683 1743 1684
1684 1744 1685
1685 1745 1686
1686 1746 1687
1687 1747 1688
1688 1748 1689
1689 1749 1690
1690 1750 1691
1691 1751 1692
1692 1752 1693
1693 1753 1694
1694 1754 1695
1695 1755 1696
1696 1756 1697
1697 1757 1698
1698 1758 1699
1699 1759 1700
1700 1760 1701
1701 1761 1702
1702 1762 1703
1703 1763 1704
1704 1764 1705
1705 1765 1706
1706 1766 1707
1707 1767 1708
1708 1768 1709
1709 1769 1710
1710 1770 1711
1711 1771 1712
1712 1772 1713
1713 1773 1714
1714 1774 1715
1715 1775 1716
1716 1776 1717
1717 1777 1718
1718 1778 1719
1719 1779 1720
1720 1780 1721
1721 1781 1722
1722 1782 1723
1723 1783 1724
1724 1784 1725
1725 1785 1726
1726 1786 1727
1727 1787 1728
1728 1788 1729
1729 1789 1730
1730 1790 1731
1731 1791 1732
1732 1792 1733
1733 1793 1734
1734 1794 1735
1735 1795 1736
1736 1796 1737
1737 1797 1738
1738 1798 1739
1739 1799
1740 1800 1741 1799
1741 1801 1742
1742 1802 1743
1743 1803 1744
1744 1804 1745
1745 1805 1746
1746 1806 1747
1747 1807 1748
1748 1808 1749
1749 1809 1750
1750 1810 1751
1751 1811 1752
1752 1812 1753
1753 1813 1754
1754 1814 1755
1755 1815 1756
1756 1816 1757
1757 1817 1758
1758 1818 1759
1759 1819 1760
1760 1820 1761
1761 1821 1762
1762 1822 1763
1763 1823 1764
1764 1824 1765
1765 1825 1766
1766 1826 1767
1767 1827 1768
1768 1828 1769
1769 1829 1770
1770 1830 1771
1771 1831 1772
1772 1832 1773
1773 1833 1774
1774 1834 1775
1775 1835 1776
1776 1836 1777
1777 1837 1778
1778 1838 1779
1779 1839 1780
1780 1840 1781
1781 1841 1782
1782 1842 1783
1783 1843 1784
1784 1844 1785
1785 1845 1786
1786 1846 1787
1787 1847 1788
1788 1848 1789
1789 1849 1790
1790 1850 1791
1791 1851 1792
1792 1852 1793
1793 1853 1794
1794 1854 1795
1795 1855 1796
1796 1856 1797
1797 1857 1798
1798 1858 1799
1799 1859
1800 1860 1801 1859
1801 1861 1802
1802 1862 1803
1803 1863 1804
1804 1864 1805
1805 1865 1806
1806 1866 1807
1807 1867 1808
1808 1868 1809
1809 1869 1810
1810 1870 1811
1811 1871 1812
1812 1872 1813
1813 1873 1814
1814 1874 1815
1815 1875 1816
1816 1876 1817
1817 1877 1818
1818 1878 1819
1819 1879 1820
1820 1880 1821
1821 1881 1822
1822 1882 1823
1823 1883 1824
1824 1884 1825
1825 1885 1826
1826 1886 1827
1827 1887 1828
1828 1888 1829
1829 1889 1830
1830 1890 1831
1831 1891 1832
1832 1892 1833
1833 1893 1834
1834 1894 1835
1835 1895 1836
1836 1896 1837
1837 1897 1838
1838 1898 1839
1839 1899 1840
1840 1900 1841
1841 1901 1842
1842 1902 1843
1843 1903 1844
1844 1904 1845
1845 1905 1846
1846 1906 1847
1847 1907 1848
1848 1908 1849
1849 1909 1850
1850 1910 1851
1851 1911 1852
1852 1912 1853
1853 1913 1854
1854 1914 1855
1855 1915 1856
1856 1916 1857
1857 1917 1858
1858 1918 1859
1859 1919
1860 1920 1861 1919
1861 1921 1862
1862 1922 1863
1863 1923 1864
1864 1924 1865
1865 1925 1866
1866 1926 1867
1867 1927 1868
1868 1928 1869
1869 1929 1870
1870 1930 1871
1871 1931 1872
1872 1932 1873
1873 1933 1874
1874 1934 1875
1875 1935 1876
1876 1936 1877
1877 1937 1878
1878 1938 1879
1879 1939 1880
1880 1940 1881
1881 1941 1882
1882 1942 1883
1883 1943 1884
1884 1944 1885
1885 1945 1886
1886 1946 1887
1887 1947 1888
1888 1948 1889
1889 1949 1890
1890 1950 1891
1891 1951 1892
1892 1952 1893
1893 1953 1894
1894 1954 1895
1895 1955 1896
1896 1956 1897
1897 1957 1898
1898 1958 1899
1899 1959 1900
1900 1960 1901
1901 1961 1902
1902 1962 1903
1903 1963 1904
1904 1964 1905
1905 1965 1906
1906 1966 1907
1907 1967 1908
1908 1968 1909
1909 1969 1910
1910 1970 1911
1911 1971 1912
1912 1972 1913
1913 1973 1914
1914 1974 1915
1915 1975 1916
1916 1976 1917
1917 1977 1918
1918 1978 1919
1919 1979
1920 1980 1921 1979
1921 1981 1922
1922 1982 1923
1923 1983 1924
1924 1984 1925
1925 1985 1926
1926 1986 1927
1927 1987 1928
1928 1988 1929
1929 1989 1930
1930 1990 1931
1931 1991 1932
1932 1992 1933
1933 1993 1934
1934 1994 1935
1935 1995 1936
1936 1996 1937
1937 1997 1938
1938 1998 1939
1939 1999 1940
1940 2000 1941
1941 2001 1942
1942 2002 1943
1943 2003 1944
1944 2004 1945
1945 2005 1946
1946 2006 1947
1947 2007 1948
1948 2008 1949
1949 2009 1950
1950 2010 1951
1951 2011 1952
1952 2012 1953
1953 2013 1954
1954 2014 1955
1955 2015 1956
1956 2016 1957
1957 2017 1958
1958 2018 1959
1959 2019 1960
1960 2020 1961
1961 2021 1962
1962 2022 1963
1963 2023 1964
1964 2024 1965
1965 2025 1966
1966 2026 1967
1967 2027 1968
1968 2028 1969
1969 2029 1970
1970 2030 1971
1971 2031 1972
1972 2032 1973
1973 2033 1974
1974 2034 1975
1975 2035 1976
1976 2036 1977
1977 2037 1978
1978 2038 1979
1979 2039
1980 2040 1981 2039
1981 2041 1982
1982 2042 1983
1983 2043 1984
1984 2044 1985
1985 2045 1986
1986 2046 1987
1987 2047 1988
1988 2048 1989
1989 2049 1990
1990 2050 1991
1991 2051 1992
1992 2052 1993
1993 2053 1994
1994 2054 1995
1995 2055 1996
1996 2056 1997
1997 2057 1998
1998 2058 1999
1999 2059 2000
2000 2060 2001
2001 2061 2002
2002 2062 2003
2003 2063 2004
2004 2064 2005
2005 2065 2006
2006 2066 2007
2007 2067 2008
2008 2068 2009
2009 2069 2010
2010 2070 2011
2011 2071 2012
2012 2072 2013
2013 2073 2014
2014 2074 2015
2015 2075 2016
2016 2076 2017
2017 2077 2018
2018 2078 2019
2019 2079 2020
2020 2080 2021
2021 2081 2022
2022 2082 2023
2023 2083 2024
2024 2084 2025
2025 2085 2026
2026 2086 2027
2027 2087 2028
2028 2088 2029
2029 2089 2030
2030 2090 2031
2031 2091 2032
2032 2092 2033
2033 2093 2034
2034 2094 2035
2035 2095 2036
2036 2096 2037
2037 2097 2038
2038 2098 2039
2039 2099
2040 2100 2041 2099
2041 2101 2042
2042 2102 2043
2043 2103 2044
2044 2104 2045
2045 2105 2046
2046 2106 2047
2047 2107 2048
2048 2108 2049
2049 2109 2050
2050 2110 2051
2051 2111 2052
2052 2112 2053
2053 2113 2054
2054 2114 2055
2055 2115 2056
2056 2116 2057
2057 2117 2058
2058 2118 2059
2059 2119 2060
2060 2120 2061
2061 2121 2062
2062 2122 2063
2063 2123 2064
2064 2124 2065
2065 2125 2066
2066 2126 2067
2067 2127 2068
2068 2128 2069
2069 2129 2070
2070 2130 2071
2071 2131 2072
2072 2132 2073
2073 2133 2074
2074 2134 2075
2075 2135 2076
2076 2136 2077
2077 2137 2078
2078 2138 2079
2079 2139 2080
2080 2140 2081
2081 2141 2082
2082 2142 2083
2083 2143 2084
2084 2144 2085
2085 2145 2086
2086 2146 2087
2087 2147 2088
2088 2148 2089
2089 2149 2090
2090 2150 2091
2091 2151 2092
2092 2152 2093
2093 2153 2094
2094 2154 2095
2095 2155 2096
2096 2156 2097
2097 2157 2098
2098 2158 2099
2099 2159
2100 2160 2101 2159
2101 2161 2102
2102 2162 2103
2103 2163 2104
2104 2164 2105
2105 2165 2106
2106 2166 2107
2107 2167 2108
2108 2168 2109
2109 2169 2110
2110 2170 2111
2111 2171 2112
2112 2172 2113
2113 2173 2114
2114 2174 2115
2115 2175 2116
2116 2176 2117
2117 2177 2118
2118 2178 2119
2119 2179 2120
2120 2180 2121
2121 2181 2122
2122 2182 2123
2123 2183 2124
2124 2184 2125
2125 2185 2126
2126 2186 2127
2127 2187 2128
2128 2188 2129
2129 2189 2130
2130 2190 2131
2131 2191 2132
2132 2192 2133
2133 2193 2134
2134 2194 2135
2135 2195 2136
2136 2196 2137
2137 2197 2138
2138 2198 2139
2139 2199 2140
2140 2200 2141
2141 2201 2142
2142 2202 2143
2143 2203 2144
2144 2204 2145
2145 2205 2146
2146 2206 2147
2147 2207 2148
2148 2208 2149
2149 2209 2150
2150 2210 2151
2151 2211 2152
2152 2212 2153
2153 2213 2154
2154 2214 2155
2155 2215 2156
2156 2216 2157
2157 2217 2158
2158 2218 2159
2159 2219
2160 2220 2161 2219
2161 2221 2162
2162 2222 2163
2163 2223 2164
2164 2224 2165
2165 2225 2166
2166 2226 2167
2167 2227 2168
2168 2228 2169
2169 2229 2170
2170 2230 2171
2171 2231 2172
2172 2232 2173
2173 2233 2174
2174 2234 2175
2175 2235 2176
2176 2236 2177
2177 2237 2178
2178 2238 2179
2179 2239 2180
2180 2240 2181
2181 2241 2182
2182 2242 2183
2183 2243 2184
2184 2244 2185
2185 2245 2186
2186 2246 2187
2187 2247 2188
2188 2248 2189
2189 2249 2190
2190 2250 2191
2191 2251 2192
2192 2252 2193
2193 2253 2194
2194 2254 2195
2195 2255 2196
2196 2256 2197
2197 2257 2198
2198 2258 2199
2199 2259 2200
2200 2260 2201
2201 2261 2202
2202 2262 2203
2203 2263 2204
2204 2264 2205
2205 2265 2206
2206 2266 2207
2207 2267 2208
2208 2268 2209
2209 2269 2210
2210 2270 2211
2211 2271 2212
2212 2272 2213
2213 2273 2214
2214 2274 2215
2215 2275 2216
2216 2276 2217
2217 2277 2218
2218 2278 2219
2219 2279
2220 2280 2221 2279
2221 2281 2222
2222 2282 2223
2223 2283 2224
2224 2284 2225
2225 2285 2226
2226 2286 2227
2227 2287 2228
2228 2288 2229
2229 2289 2230
2230 2290 2231
2231 2291 2232
2232 2292 2233
2233 2293 2234
2234 2294 2235
2235 2295 2236
2236 2296 2237
2237 2297 2238
2238 2298 2239
2239 2299 2240
2240 2300 2241
2241 2301 2242
2242 2302 2243
2243 2303 2244
2244 2304 2245
2245 2305 2246
2246 2306 2247
2247 2307 2248
2248 2308 2249
2249 2309 2250
2250 2310 2251
2251 2311 2252
2252 2312 2253
2253 2313 2254
2254 2314 2255
2255 2315 2256
2256 2316 2257
2257 2317 2258
2258 2318 2259
2259 2319 2260
2260 2320 2261
2261 2321 2262
2262 2322 2263
2263 2323 2264
2264 2324 2265
2265 2325 2266
2266 2326 2267
2267 2327 2268
2268 2328 2269
2269 2329 2270
2270 2330 2271
2271 2331 2272
2272 2332 2273
2273 2333 2274
2274 2334 2275
2275 2335 2276
2276 2336 2277
2277 2337 2278
2278 2338 2279
2279 2339
2280 2340 2281 2339
2281 2341 2282
2282 2342 2283
2283 2343 2284
2284 2344 2285
2285 2345 2286
2286 2346 2287
2287 2347 2288
2288 2348 2289
2289 2349 2290
2290 2350 2291
2291 2351 2292
2292 2352 2293
2293 2353 2294
2294 2354 2295
2295 2355 2296
2296 2356 2297
2297 2357 2298
2298 2358 2299
2299 2359 2300
2300 2360 2301
2301 2361 2302
2302 2362 2303
2303 2363 2304
2304 2364 2305
2305 2365 2306
2306 2366 2307
2307 2367 2308
2308 2368 2309
2309 2369 2310
2310 2370 2311
2311 2371 2312
2312 2372 2313
2313 2373 2314
2314 2374 2315
2315 2375 2316
2316 2376 2317
2317 2377 2318
2318 2378 2319
2319 2379 2320
2320 2380 2321
2321 2381 2322
2322 2382 2323
2323 2383 2324
2324 2384 2325
2325 2385 2326
2326 2386 2327
2327 2387 2328
2328 2388 2329
2329 2389 2330
2330 2390 2331
2331 2391 2332
2332 2392 2333
2333 2393 2334
2334 2394 2335
2335 2395 2336
2336 2396 2337
2337 2397 2338
2338 2398 2339
2339 2399
2340 2400 2341 2399
2341 2401 2342
2342 2402 2343
2343 2403 2344
2344 2404 2345
2345 2405 2346
2346 2406 2347
2347 2407 2348
2348 2408 2349
2349 2409 2350
2350 2410 2351
2351 2411 2352
2352 2412 2353
2353 2413 2354
2354 2414 2355
2355 2415 2356
2356 2416 2357
2357 2417 2358
2358 2418 2359
2359 2419 2360
2360 2420 2361
2361 2421 2362
2362 2422 2363
2363 2423 2364
2364 2424 2365
2365 2425 2366
2366 2426 2367
2367 2427 2368
2368 2428 2369
2369 2429 2370
2370 2430 2371
2371 2431 2372
2372 2432 2373
2373 2433 2374
2374 2434 2375
2375 2435 2376
2376 2436 2377
2377 2437 2378
2378 2438 2379
2379 2439 2380
2380 2440 2381
2381 2441 2382
2382 2442 2383
2383 2443 2384
2384 2444 2385
2385 2445 2386
2386 2446 2387
2387 2447 2388
2388 2448 2389
2389 2449 2390
2390 2450 2391
2391 2451 2392
2392 2452 2393
2393 2453 2394
2394 2454 2395
2395 2455 2396
2396 2456 2397
2397 2457 2398
2398 2458 2399
2399 2459
2400 2460 2401 2459
2401 2461 2402
2402 2462 2403
2403 2463 2404
2404 2464 2405
2405 2465 2406
2406 2466 2407
2407 2467 2408
2408 2468 2409
2409 2469 2410
2410 2470 2411
2411 2471 2412
2412 2472 2413
2413 2473 2414
2414 2474 2415
2415 2475 2416
2416 2476 2417
2417 2477 2418
2418 2478 2419
2419 2479 2420
2420 2480 2421
2421 2481 2422
2422 2482 2423
2423 2483 2424
2424 2484 2425
2425 2485 2426
2426 2486 2427
2427 2487 2428
2428 2488 2429
2429 2489 2430
2430 2490 2431
2431 2491 2432
2432 2492 2433
2433 2493 2434
2434 2494 2435
2435 2495 2436
2436 2496 2437
2437 2497 2438
2438 2498 2439
2439 2499 2440
2440 2500 2441
2441 2501 2442
2442 2502 2443
2443 2503 2444
2444 2504 2445
2445 2505 2446
2446 2506 2447
2447 2507 2448
2448 2508 2449
2449 2509 2450
2450 2510 2451
2451 2511 2452
2452 2512 2453
2453 2513 2454
2454 2514 2455
2455 2515 2456
2456 2516 2457
2457 2517 2458
2458 2518 2459
2459 2519
2460 2520 2461 2519
2461 2521 2462
2462 2522 2463
2463 2523 2464
2464 2524 2465
2465 2525 2466
2466 2526 2467
2467 2527 2468
2468 2528 2469
2469 2529 2470
2470 2530 2471
2471 2531 2472
2472 2532 2473
2473 2533 2474
2474 2534 2475
2475 2535 2476
2476 2536 2477
2477 2537 2478
2478 2538 2479
2479 2539 2480
2480 2540 2481
2481 2541 2482
2482 2542 2483
2483 2543 2484
2484 2544 2485
2485 2545 2486
2486 2546 2487
2487 2547 2488
2488 2548 2489
2489 2549 2490
2490 2550 2491
2491 2551 2492
2492 2552 2493
2493 2553 2494
2494 2554 2495
2495 2555 2496
2496 2556 2497
2497 2557 2498
2498 2558 2499
2499 2559 2500
2500 2560 2501
2501 2561 2502
2502 2562 2503
2503 2563 2504
2504 2564 2505
2505 2565 2506
2506 2566 2507
2507 2567 2508
2508 2568 2509
2509 2569 2510
2510 2570 2511
2511 2571 2512
2512 2572 2513
2513 2573 2514
2514 2574 2515
2515 2575 2516
2516 2576 2517
2517 2577 2518
2518 2578 2519
2519 2579
2520 2580 2521 2579
2521 2581 2522
2522 2582 2523
2523 2583 2524
2524 2584 2525
2525 2585 2526
2526 2586 2527
2527 2587 2528
2528 2588 2529
2529 2589 2530
2530 2590 2531
2531 2591 2532
2532 2592 2533
2533 2593 2534
2534 2594 2535
2535 2595 2536
2536 2596 2537
2537 2597 2538
2538 2598 2539
2539 2599 2540
2540 2600 2541
2541 2601 2542
2542 2602 2543
2543 2603 2544
2544 2604 2545
2545 2605 2546
2546 2606 2547
2547 2607 2548
2548 2608 2549
2549 2609 2550
2550 2610 2551
2551 2611 2552
2552 2612 2553
2553 2613 2554
2554 2614 2555
2555 2615 2556
2556 2616 2557
2557 2617 2558
2558 2618 2559
2559 2619 2560
2560 2620 2561
2561 2621 2562
2562 2622 2563
2563 2623 2564
2564 2624 2565
2565 2625 2566
2566 2626 2567
2567 2627 2568
2568 2628 2569
2569 2629 2570
2570 2630 2571
2571 2631 2572
2572 2632 2573
2573 2633 2574
2574 2634 2575
2575 2635 2576
2576 2636 2577
2577 2637 2578
2578 2638 2579
2579 2639
2580 2640 2581 2639
2581 2641 2582
2582 2642 2583
2583 2643 2584
2584 2644 2585
2585 2645 2586
2586 2646 2587
2587 2647 2588
2588 2648 2589
2589 2649 2590
2590 2650 2591
2591 2651 2592
2592 2652 2593
2593 2653 2594
2594 2654 2595
2595 2655 2596
2596 2656 2597
2597 2657 2598
2598 2658 2599
2599 2659 2600
2600 2660 2601
2601 2661 2602
2602 2662 2603
2603 2663 2604
2604 2664 2605
2605 2665 2606
2606 2666 2607
2607 2667 2608
2608 2668 2609
2609 2669 2610
2610 2670 2611
2611 2671 2612
2612 2672 2613
2613 2673 2614
2614 2674 2615
2615 2675 2616
2616 2676 2617
2617 2677 2618
2618 2678 2619
2619 2679 2620
2620 2680 2621
2621 2681 2622
2622 2682 2623
2623 2683 2624
2624 2684 2625
2625 2685 2626
2626 2686 2627
2627 2687 2628
2628 2688 2629
2629 2689 2630
2630 2690 2631
2631 2691 2632
2632 2692 2633
2633 2693 2634
2634 2694 2635
2635 2695 2636
2636 2696 2637
2637 2697 2638
2638 2698 2639
2639 2699
2640 2700 2641 2699
2641 2701 2642
2642 2702 2643
2643 2703 2644
2644 2704 2645
2645 2705 2646
2646 2706 2647
2647 2707 2648
2648 2708 2649
2649 2709 2650
2650 2710 2651
2651 2711 2652
2652 2712 2653
2653 2713 2654
2654 2714 2655
2655 2715 2656
2656 2716 2657
2657 2717 2658
2658 2718 2659
2659 2719 2660
2660 2720 2661
2661 2721 2662
2662 2722 2663
2663 2723 2664
2664 2724 2665
2665 2725 2666
2666 2726 2667
2667 2727 2668
2668 2728 2669
2669 2729 2670
2670 2730 2671
2671 2731 2672
2672 2732 2673
2673 2733 2674
2674 2734 2675
2675 2735 2676
2676 2736 2677
2677 2737 2678
2678 2738 2679
2679 2739 2680
2680 2740 2681
2681 2741 2682
2682 2742 2683
2683 2743 2684
2684 2744 2685
2685 2745 2686
2686 2746 2687
2687 2747 2688
2688 2748 2689
2689 2749 2690
2690 2750 2691
2691 2751 2692
2692 2752 2693
2693 2753 2694
2694 2754 2695
2695 2755 2696
2696 2756 2697
2697 2757 2698
2698 2758 2699
2699 2759
2700 2760 2701 2759
2701 2761 2702
2702 2762 2703
2703 2763 2704
2704 2764 2705
2705 2765 2706
2706 2766 2707
2707 2767 2708
2708 2768 2709
2709 2769 2710
2710 2770 2711
2711 2771 2712
2712 2772 2713
2713 2773 2714
2714 2774 2715
2715 2775 2716
2716 2776 2717
2717 2777 2718
2718 2778 2719
2719 2779 2720
2720 2780 2721
2721 2781 2722
2722 2782 2723
2723 2783 2724
2724 2784 2725
2725 2785 2726
2726 2786 2727
2727 2787 2728
2728 2788 2729
2729 2789 2730
2730 2790 2731
2731 2791 2732
2732 2792 2733
2733 2793 2734
2734 2794 2735
2735 2795 2736
2736 2796 2737
2737 2797 2738
2738 2798 2739
2739 2799 2740
2740 2800 2741
2741 2801 2742
2742 2802 2743
2743 2803 2744
2744 2804 2745
2745 2805 2746
2746 2806 2747
2747 2807 2748
2748 2808 2749
2749 2809 2750
2750 2810 2751
2751 2811 2752
2752 2812 2753
2753 2813 2754
2754 2814 2755
2755 2815 2756
2756 2816 2757
2757 2817 2758
2758 2818 2759
2759 2819
2760 2820 2761 2819
2761 2821 2762
2762 2822 2763
2763 2823 2764
2764 2824 2765
2765 2825 2766
2766 2826 2767
2767 2827 2768
2768 2828 2769
2769 2829 2770
2770 2830 2771
2771 2831 2772
2772 2832 2773
2773 2833 2774
2774 2834 2775
2775 2835 2776
2776 2836 2777
2777 2837 2778
2778 2838 2779
2779 2839 2780
2780 2840 2781
2781 2841 2782
2782 2842 2783
2783 2843 2784
2784 2844 2785
2785 2845 2786
2786 2846 2787
2787 2847 2788
2788 2848 2789
2789 2849 2790
2790 2850 2791
2791 2851 2792
2792 2852 2793
2793 2853 2794
2794 2854 2795
2795 2855 2796
2796 2856 2797
2797 2857 2798
2798 2858 2799
2799 2859 2800
2800 2860 2801
2801 2861 2802
2802 2862 2803
2803 2863 2804
2804 2864 2805
2805 2865 2806
2806 2866 2807
2807 2867 2808
2808 2868 2809
2809 2869 2810
2810 2870 2811
2811 2871 2812
2812 2872 2813
2813 2873 2814
2814 2874 2815
2815 2875 2816
2816 2876 2817
2817 2877 2818
2818 2878 2819
2819 2879
2820 2880 2821 2879
2821 2881 2822
2822 2882 2823
2823 2883 2824
2824 2884 2825
2825 2885 2826
2826 2886 2827
2827 2887 2828
2828 2888 2829
2829 2889 2830
2830 2890 2831
2831 2891 2832
2832 2892 2833
2833 2893 2834
2834 2894 2835
2835 2895 2836
2836 2896 2837
2837 2897 2838
2838 2898 2839
2839 2899 2840
2840 2900 2841
2841 2901 2842
2842 2902 2843
2843 2903 2844
2844 2904 2845
2845 2905 2846
2846 2906 2847
2847 2907 2848
2848 2908 2849
2849 2909 2850
2850 2910 2851
2851 2911 2852
2852 2912 2853
2853 2913 2854
2854 2914 2855
2855 2915 2856
2856 2916 2857
2857 2917 2858
2858 2918 2859
2859 2919 2860
2860 2920 2861
2861 2921 2862
2862 2922 2863
2863 2923 2864
2864 2924 2865
2865 2925 2866
2866 2926 2867
2867 2927 2868
2868 2928 2869
2869 2929 2870
2870 2930 2871
2871 2931 2872
2872 2932 2873
2873 2933 2874
2874 2934 2875
2875 2935 2876
2876 2936 2877
2877 2937 2878
2878 2938 2879
2879 2939
2880 2940 2881 2939
2881 2941 2882
2882 2942 2883
2883 2943 2884
2884 2944 2885
2885 2945 2886
2886 2946 2887
2887 2947 2888
2888 2948 2889
2889 2949 2890
2890 2950 2891
2891 2951 2892
2892 2952 2893
2893 2953 2894
2894 2954 2895
2895 2955 2896
2896 2956 2897
2897 2957 2898
2898 2958 2899
2899 2959 2900
2900 2960 2901
2901 2961 2902
2902 2962 2903
2903 2963 2904
2904 2964 2905
2905 2965 2906
2906 2966 2907
2907 2967 2908
2908 2968 2909
2909 2969 2910
2910 2970 2911
2911 2971 2912
2912 2972 2913
2913 2973 2914
2914 2974 2915
2915 2975 2916
2916 2976 2917
2917 2977 2918
2918 2978 2919
2919 2979 2920
2920 2980 2921
2921 2981 2922
2922 2982 2923
2923 2983 2924
2924 2984 2925
2925 2985 2926
2926 2986 2927
2927 2987 2928
2928 2988 2929
2929 2989 2930
2930 2990 2931
2931 2991 2932
2932 2992 2933
2933 2993 2934
2934 2994 2935
2935 2995 2936
2936 2996 2937
2937 2997 2938
2938 2998 2939
2939 2999
2940 3000 2941 2999
2941 3001 2942
2942 3002 2943
2943 3003 2944
2944 3004 2945
2945 3005 2946
2946 3006 2947
2947 3007 2948
2948 3008 2949
2949 3009 2950
2950 3010 2951
2951 3011 2952
2952 3012 2953
2953 3013 2954
2954 3014 2955
2955 3015 2956
2956 3016 2957
2957 3017 2958
2958 3018 2959
2959 3019 2960
2960 3020 2961
2961 3021 2962
2962 3022 2963
2963 3023 2964
2964 3024 2965
2965 3025 2966
2966 3026 2967
2967 3027 2968
2968 3028 2969
2969 3029 2970
2970 3030 2971
2971 3031 2972
2972 3032 2973
2973 3033 2974
2974 3034 2975
2975 3035 2976
2976 3036 2977
2977 3037 2978
2978 3038 2979
2979 3039 2980
2980 3040 2981
2981 3041 2982
2982 3042 2983
2983 3043 2984
2984 3044 2985
2985 3045 2986
2986 3046 2987
2987 3047 2988
2988 3048 2989
2989 3049 2990
2990 3050 2991
2991 3051 2992
2992 3052 2993
2993 3053 2994
2994 3054 2995
2995 3055 2996
2996 3056 2997
2997 3057 2998
2998 3058 2999
2999 3059
3000 3060 3001 3059
3001 3061 3002
3002 3062 3003
3003 3063 3004
3004 3064 3005
3005 3065 3006
3006 3066 3007
3007 3067 3008
3008 3068 3009
3009 3069 3010
3010 3070 3011
3011 3071 3012
3012 3072 3013
3013 3073 3014
3014 3074 3015
3015 3075 3016
3016 3076 3017
3017 3077 3018
3018 3078 3019
3019 3079 3020
3020 3080 3021
3021 3081 3022
3022 3082 3023
3023 3083 3024
3024 3084 3025
3025 3085 3026
3026 3086 3027
3027 3087 3028
3028 3088 3029
3029 3089 3030
3030 3090 3031
3031 3091 3032
3032 3092 3033
3033 3093 3034
3034 3094 3035
3035 3095 3036
3036 3096 3037
3037 3097 3038
3038 3098 3039
3039 3099 3040
3040 3100 3041
3041 3101 3042
3042 3102 3043
3043 3103 3044
3044 3104 3045
3045 3105 3046
3046 3106 3047
3047 3107 3048
3048 3108 3049
3049 3109 3050
3050 3110 3051
3051 3111 3052
3052 3112 3053
3053 3113 3054
3054 3114 3055
3055 3115 3056
3056 3116 3057
3057 3117 3058
3058 3118 3059
3059 3119
3060 3120 3061 3119
3061 3121 3062
3062 3122 3063
3063 3123 3064
3064 3124 3065
3065 3125 3066
3066 3126 3067
3067 3127 3068
3068 3128 3069
3069 3129 3070
3070 3130 3071
3071 3131 3072
3072 3132 3073
3073 3133 3074
3074 3134 3075
3075 3135 3076
3076 3136 3077
3077 3137 3078
3078 3138 3079
3079 3139 3080
3080 3140 3081
3081 3141 3082
3082 3142 3083
3083 3143 3084
3084 3144 3085
3085 3145 3086
3086 3146 3087
3087 3147 3088
3088 3148 3089
3089 3149 3090
3090 3150 3091
3091 3151 3092
3092 3152 3093
3093 3153 3094
3094 3154 3095
3095 3155 3096
3096 3156 3097
3097 3157 3098
3098 3158 3099
3099 3159 3100
3100 3160 3101
3101 3161 3102
3102 3162 3103
3103 3163 3104
3104 3164 3105
3105 3165 3106
3106 3166 3107
3107 3167 3108
3108 3168 3109
3109 3169 3110
3110 3170 3111
3111 3171 3112
3112 3172 3113
3113 3173 3114
3114 3174 3115
3115 3175 3116
3116 3176 3117
3117 3177 3118
3118 3178 3119
3119 3179
3120 3180 3121 3179
3121 3181 3122
3122 3182 3123
3123 3183 3124
3124 3184 3125
3125 3185 3126
3126 3186 3127
3127 3187 3128
3128 3188 3129
3129 3189 3130
3130 3190 3131
3131 3191 3132
3132 3192 3133
3133 3193 3134
3134 3194 3135
3135 3195 3136
3136 3196 3137
3137 3197 3138
3138 3198 3139
3139 3199 3140
3140 3200 3141
3141 3201 3142
3142 3202 3143
3143 3203 3144
3144 3204 3145
3145 3205 3146
3146 3206 3147
3147 3207 3148
3148 3208 3149
3149 3209 3150
3150 3210 3151
3151 3211 3152
3152 3212 3153
3153 3213 3154
3154 3214 3155
3155 3215 3156
3156 3216 3157
3157 3217 3158
3158 3218 3159
3159 3219 3160
3160 3220 3161
3161 3221 3162
3162 3222 3163
3163 3223 3164
3164 3224 3165
3165 3225 3166
3166 3226 3167
3167 3227 3168
3168 3228 3169
3169 3229 3170
3170 3230 3171
3171 3231 3172
3172 3232 3173
3173 3233 3174
3174 3234 3175
3175 3235 3176
3176 3236 3177
3177 3237 3178
3178 3238 3179
3179 3239
3180 3240 3181 3239
3181 3241 3182
3182 3242 3183
3183 3243 3184
3184 3244 3185
3185 3245 3186
3186 3246 3187
3187 3247 3188
3188 3248 3189
3189 3249 3190
3190 3250 3191
3191 3251 3192
3192 3252 3193
3193 3253 3194
3194 3254 3195
3195 3255 3196
3196 3256 3197
3197 3257 3198
3198 3258 3199
3199 3259 3200
3200 3260 3201
3201 3261 3202
3202 3262 3203
3203 3263 3204
3204 3264 3205
3205 3265 3206
3206 3266 3207
3207 3267 3208
3208 3268 3209
3209 3269 3210
3210 3270 3211
3211 3271 3212
3212 3272 3213
3213 3273 3214
3214 3274 3215
3215 3275 3216
3216 3276 3217
3217 3277 3218
3218 3278 3219
3219 3279 3220
3220 3280 3221
3221 3281 3222
3222 3282 3223
3223 3283 3224
3224 3284 3225
3225 3285 3226
3226 3286 3227
3227 3287 3228
3228 3288 3229
3229 3289 3230
3230 3290 3231
3231 3291 3232
3232 3292 3233
3233 3293 3234
3234 3294 3235
3235 3295 3236
3236 3296 3237
3237 3297 3238
3238 3298 3239
3239 3299
3240 3300 3241 3299
3241 3301 3242
3242 3302 3243
3243 3303 3244
3244 3304 3245
3245 3305 3246
3246 3306 3247
3247 3307 3248
3248 3308 3249
3249 3309 3250
3250 3310 3251
3251 3311 3252
3252 3312 3253
3253 3313 3254
3254 3314 3255
3255 3315 3256
3256 3316 3257
3257 3317 3258
3258 3318 3259
3259 3319 3260
3260 3320 3261
3261 3321 3262
3262 3322 3263
3263 3323 3264
3264 3324 3265
3265 3325 3266
3266 3326 3267
3267 3327 3268
3268 3328 3269
3269 3329 3270
3270 3330 3271
3271 3331 3272
3272 3332 3273
3273 3333 3274
3274 3334 3275
3275 3335 3276
3276 3336 3277
3277 3337 3278
3278 3338 3279
3279 3339 3280
3280 3340 3281
3281 3341 3282
3282 3342 3283
3283 3343 3284
3284 3344 3285
3285 3345 3286
3286 3346 3287
3287 3347 3288
3288 3348 3289
3289 3349 3290
3290 3350 3291
3291 3351 3292
3292 3352 3293
3293 3353 3294
3294 3354 3295
3295 3355 3296
3296 3356 3297
3297 3357 3298
3298 3358 3299
3299 3359
3300 3360 3301 3359
3301 3361 3302
3302 3362 3303
3303 3363 3304
3304 3364 3305
3305 3365 3306
3306 3366 3307
3307 3367 3308
3308 3368 3309
3309 3369 3310
3310 3370 3311
3311 3371 3312
3312 3372 3313
3313 3373 3314
3314 3374 3315
3315 3375 3316
3316 3376 3317
3317 3377 3318
3318 3378 3319
3319 3379 3320
3320 3380 3321
3321 3381 3322
3322 3382 3323
3323 3383 3324
3324 3384 3325
3325 3385 3326
3326 3386 3327
3327 3387 3328
3328 3388 3329
3329 3389 3330
3330 3390 3331
3331 3391 3332
3332 3392 3333
3333 3393 3334
3334 3394 3335
3335 3395 3336
3336 3396 3337
3337 3397 3338
3338 3398 3339
3339 3399 3340
3340 3400 3341
3341 3401 3342
3342 3402 3343
3343 3403 3344
3344 3404 3345
3345 3405 3346
3346 3406 3347
3347 3407 3348
3348 3408 3349
3349 3409 3350
3350 3410 3351
3351 3411 3352
3352 3412 3353
3353 3413 3354
3354 3414 3355
3355 3415 3356
3356 3416 3357
3357 3417 3358
3358 3418 3359
3359 3419
3360 3420 3361 3419
3361 3421 3362
3362 3422 3363
3363 3423 3364
3364 3424 3365
3365 3425 3366
3366 3426 3367
3367 3427 3368
3368 3428 3369
3369 3429 3370
3370 3430 3371
3371 3431 3372
3372 3432 3373
3373 3433 3374
3374 3434 3375
3375 3435 3376
3376 3436 3377
3377 3437 3378
3378 3438 3379
3379 3439 3380
3380 3440 3381
3381 3441 3382
3382 3442 3383
3383 3443 3384
3384 3444 3385
3385 3445 3386
3386 3446 3387
3387 3447 3388
3388 3448 3389
3389 3449 3390
3390 3450 3391
3391 3451 3392
3392 3452 3393
3393 3453 3394
3394 3454 3395
3395 3455 3396
3396 3456 3397
3397 3457 3398
3398 3458 3399
3399 3459 3400
3400 3460 3401
3401 3461 3402
3402 3462 3403
3403 3463 3404
3404 3464 3405
3405 3465 3406
3406 3466 3407
3407 3467 3408
3408 3468 3409
3409 3469 3410
3410 3470 3411
3411 3471 3412
3412 3472 3413
3413 3473 3414
3414 3474 3415
3415 3475 3416
3416 3476 3417
3417 3477 3418
3418 3478 3419
3419 3479
3420 3480 3421 3479
3421 3481 3422
3422 3482 3423
3423 3483 3424
3424 3484 3425
3425 3485 3426
3426 3486 3427
3427 3487 3428
3428 3488 3429
3429 3489 3430
3430 3490 3431
3431 3491 3432
3432 3492 3433
3433 3493 3434
3434 3494 3435
3435 3495 3436
3436 3496 3437
3437 3497 3438
3438 3498 3439
3439 3499 3440
3440 3500 3441
3441 3501 3442
3442 3502 3443
3443 3503 3444
3444 3504 3445
3445 3505 3446
3446 3506 3447
3447 3507 3448
3448 3508 3449
3449 3509 3450
3450 3510 3451
3451 3511 3452
3452 3512 3453
3453 3513 3454
3454 3514 3455
3455 3515 3456
3456 3516 3457
3457 3517 3458
3458 3518 3459
3459 3519 3460
3460 3520 3461
3461 3521 3462
3462 3522 3463
3463 3523 3464
3464 3524 3465
3465 3525 3466
3466 3526 3467
3467 3527 3468
3468 3528 3469
3469 3529 3470
3470 3530 3471
3471 3531 3472
3472 3532 3473
3473 3533 3474
3474 3534 3475
3475 3535 3476
3476 3536 3477
3477 3537 3478
3478 3538 3479
3479 3539
3480 3540 3481 3539
3481 3541 3482
3482 3542 3483
3483 3543 3484
3484 3544 3485
3485 3545 3486
3486 3546 3487
3487 3547 3488
3488 3548 3489
3489 3549 3490
3490 3550 3491
3491 3551 3492
3492 3552 3493
3493 3553 3494
3494 3554 3495
3495 3555 3496
3496 3556 3497
3497 3557 3498
3498 3558 3499
3499 3559 3500
3500 3560 3501
3501 3561 3502
3502 3562 3503
3503 3563 3504
3504 3564 3505
3505 3565 3506
3506 3566 3507
3507 3567 3508
3508 3568 3509
3509 3569 3510
3510 3570 3511
3511 3571 3512
3512 3572 3513
3513 3573 3514
3514 3574 3515
3515 3575 3516
3516 3576 3517
3517 3577 3518
3518 3578 3519
3519 3579 3520
3520 3580 3521
3521 3581 3522
3522 3582 3523
3523 3583 3524
3524 3584 3525
3525 3585 3526
3526 3586 3527
3527 3587 3528
3528 3588 3529
3529 3589 3530
3530 3590 3531
3531 3591 3532
3532 3592 3533
3533 3593 3534
3534 3594 3535
3535 3595 3536
3536 3596 3537
3537 3597 3538
3538 3598 3539
3539 3599
3540 3541 3599
3541 3542
3542 3543
3543 3544
3544 3545
3545 3546
3546 3547
3547 3548
3548 3549
3549 3550
3550 3551
3551 3552
3552 3553
3553 3554
3554 3555
3555 3556
3556 3557
3557 3558
3558 3559
3559 3560
3560 3561
3561 3562
3562 3563
3563 3564
3564 3565
3565 3566
3566 3567
3567 3568
3568 3569
3569 3570
3570 3571
3571 3572
3572 3573
3573 3574
3574 3575
3575 3576
3576 3577
3577 3578
3578 3579
3579 3580
3580 3581
3581 3582
3582 3583
3583 3584
3584 3585
3585 3586
3586 3587
3587 3588
3588 3589
3589 3590
3590 3591
3591 3592
3592 3593
3593 3594
3594 3595
3595 3596
3596 3597
3597 3598
3598 3599
3599
