#gen-graphs.py --config experiment_graphs.json
# GMT Tue Apr  1 04:51:41 2025
# 
0 3585 15 1 14
1 3586 16 2
2 3587 17 3
3 3588 18 4
4 3589 19 5
5 3590 20 6
6 3591 21 7
7 3592 22 8
8 3593 23 9
9 3594 24 10
10 3595 25 11
11 3596 26 12
12 3597 27 13
13 3598 28 14
14 3599 29
15 30 16 29
16 31 17
17 32 18
18 33 19
19 34 20
20 35 21
21 36 22
22 37 23
23 38 24
24 39 25
25 40 26
26 41 27
27 42 28
28 43 29
29 44
30 45 31 44
31 46 32
32 47 33
33 48 34
34 49 35
35 50 36
36 51 37
37 52 38
38 53 39
39 54 40
40 55 41
41 56 42
42 57 43
43 58 44
44 59
45 60 46 59
46 61 47
47 62 48
48 63 49
49 64 50
50 65 51
51 66 52
52 67 53
53 68 54
54 69 55
55 70 56
56 71 57
57 72 58
58 73 59
59 74
60 75 61 74
61 76 62
62 77 63
63 78 64
64 79 65
65 80 66
66 81 67
67 82 68
68 83 69
69 84 70
70 85 71
71 86 72
72 87 73
73 88 74
74 89
75 90 76 89
76 91 77
77 92 78
78 93 79
79 94 80
80 95 81
81 96 82
82 97 83
83 98 84
84 99 85
85 100 86
86 101 87
87 102 88
88 103 89
89 104
90 105 91 104
91 106 92
92 107 93
93 108 94
94 109 95
95 110 96
96 111 97
97 112 98
98 113 99
99 114 100
100 115 101
101 116 102
102 117 103
103 118 104
104 119
105 120 106 119
106 121 107
107 122 108
108 123 109
109 124 110
110 125 111
111 126 112
112 127 113
113 128 114
114 129 115
115 130 116
116 131 117
117 132 118
118 133 119
119 134
120 135 121 134
121 136 122
122 137 123
123 138 124
124 139 125
125 140 126
126 141 127
127 142 128
128 143 129
129 144 130
130 145 131
131 146 132
132 147 133
133 148 134
134 149
135 150 136 149
136 151 137
137 152 138
138 153 139
139 154 140
140 155 141
141 156 142
142 157 143
143 158 144
144 159 145
145 160 146
146 161 147
147 162 148
148 163 149
149 164
150 165 151 164
151 166 152
152 167 153
153 168 154
154 169 155
155 170 156
156 171 157
157 172 158
158 173 159
159 174 160
160 175 161
161 176 162
162 177 163
163 178 164
164 179
165 180 166 179
166 181 167
167 182 168
168 183 169
169 184 170
170 185 171
171 186 172
172 187 173
173 188 174
174 189 175
175 190 176
176 191 177
177 192 178
178 193 179
179 194
180 195 181 194
181 196 182
182 197 183
183 198 184
184 199 185
185 200 186
186 201 187
187 202 188
188 203 189
189 204 190
190 205 191
191 206 192
192 207 193
193 208 194
194 209
195 210 196 209
196 211 197
197 212 198
198 213 199
199 214 200
200 215 201
201 216 202
202 217 203
203 218 204
204 219 205
205 220 206
206 221 207
207 222 208
208 223 209
209 224
210 225 211 224
211 226 212
212 227 213
213 228 214
214 229 215
215 230 216
216 231 217
217 232 218
218 233 219
219 234 220
220 235 221
221 236 222
222 237 223
223 238 224
224 239
225 240 226 239
226 241 227
227 242 228
228 243 229
229 244 230
230 245 231
231 246 232
232 247 233
233 248 234
234 249 235
235 250 236
236 251 237
237 252 238
238 253 239
239 254
240 255 241 254
241 256 242
242 257 243
243 258 244
244 259 245
245 260 246
246 261 247
247 262 248
248 263 249
249 264 250
250 265 251
251 266 252
252 267 253
253 268 254
254 269
255 270 256 269
256 271 257
257 272 258
258 273 259
259 274 260
260 275 261
261 276 262
262 277 263
263 278 264
264 279 265
265 280 266
266 281 267
267 282 268
268 283 269
269 284
270 285 271 284
271 286 272
272 287 273
273 288 274
274 289 275
275 290 276
276 291 277
277 292 278
278 293 279
279 294 280
280 295 281
281 296 282
282 297 283
283 298 284
284 299
285 300 286 299
286 301 287
287 302 288
288 303 289
289 304 290
290 305 291
291 306 292
292 307 293
293 308 294
294 309 295
295 310 296
296 311 297
297 312 298
298 313 299
299 314
300 315 301 314
301 316 302
302 317 303
303 318 304
304 319 305
305 320 306
306 321 307
307 322 308
308 323 309
309 324 310
310 325 311
311 326 312
312 327 313
313 328 314
314 329
315 330 316 329
316 331 317
317 332 318
318 333 319
319 334 320
320 335 321
321 336 322
322 337 323
323 338 324
324 339 325
325 340 326
326 341 327
327 342 328
328 343 329
329 344
330 345 331 344
331 346 332
332 347 333
333 348 334
334 349 335
335 350 336
336 351 337
337 352 338
338 353 339
339 354 340
340 355 341
341 356 342
342 357 343
343 358 344
344 359
345 360 346 359
346 361 347
347 362 348
348 363 349
349 364 350
350 365 351
351 366 352
352 367 353
353 368 354
354 369 355
355 370 356
356 371 357
357 372 358
358 373 359
359 374
360 375 361 374
361 376 362
362 377 363
363 378 364
364 379 365
365 380 366
366 381 367
367 382 368
368 383 369
369 384 370
370 385 371
371 386 372
372 387 373
373 388 374
374 389
375 390 376 389
376 391 377
377 392 378
378 393 379
379 394 380
380 395 381
381 396 382
382 397 383
383 398 384
384 399 385
385 400 386
386 401 387
387 402 388
388 403 389
389 404
390 405 391 404
391 406 392
392 407 393
393 408 394
394 409 395
395 410 396
396 411 397
397 412 398
398 413 399
399 414 400
400 415 401
401 416 402
402 417 403
403 418 404
404 419
405 420 406 419
406 421 407
407 422 408
408 423 409
409 424 410
410 425 411
411 426 412
412 427 413
413 428 414
414 429 415
415 430 416
416 431 417
417 432 418
418 433 419
419 434
420 435 421 434
421 436 422
422 437 423
423 438 424
424 439 425
425 440 426
426 441 427
427 442 428
428 443 429
429 444 430
430 445 431
431 446 432
432 447 433
433 448 434
434 449
435 450 436 449
436 451 437
437 452 438
438 453 439
439 454 440
440 455 441
441 456 442
442 457 443
443 458 444
444 459 445
445 460 446
446 461 447
447 462 448
448 463 449
449 464
450 465 451 464
451 466 452
452 467 453
453 468 454
454 469 455
455 470 456
456 471 457
457 472 458
458 473 459
459 474 460
460 475 461
461 476 462
462 477 463
463 478 464
464 479
465 480 466 479
466 481 467
467 482 468
468 483 469
469 484 470
470 485 471
471 486 472
472 487 473
473 488 474
474 489 475
475 490 476
476 491 477
477 492 478
478 493 479
479 494
480 495 481 494
481 496 482
482 497 483
483 498 484
484 499 485
485 500 486
486 501 487
487 502 488
488 503 489
489 504 490
490 505 491
491 506 492
492 507 493
493 508 494
494 509
495 510 496 509
496 511 497
497 512 498
498 513 499
499 514 500
500 515 501
501 516 502
502 517 503
503 518 504
504 519 505
505 520 506
506 521 507
507 522 508
508 523 509
509 524
510 525 511 524
511 526 512
512 527 513
513 528 514
514 529 515
515 530 516
516 531 517
517 532 518
518 533 519
519 534 520
520 535 521
521 536 522
522 537 523
523 538 524
524 539
525 540 526 539
526 541 527
527 542 528
528 543 529
529 544 530
530 545 531
531 546 532
532 547 533
533 548 534
534 549 535
535 550 536
536 551 537
537 552 538
538 553 539
539 554
540 555 541 554
541 556 542
542 557 543
543 558 544
544 559 545
545 560 546
546 561 547
547 562 548
548 563 549
549 564 550
550 565 551
551 566 552
552 567 553
553 568 554
554 569
555 570 556 569
556 571 557
557 572 558
558 573 559
559 574 560
560 575 561
561 576 562
562 577 563
563 578 564
564 579 565
565 580 566
566 581 567
567 582 568
568 583 569
569 584
570 585 571 584
571 586 572
572 587 573
573 588 574
574 589 575
575 590 576
576 591 577
577 592 578
578 593 579
579 594 580
580 595 581
581 596 582
582 597 583
583 598 584
584 599
585 600 586 599
586 601 587
587 602 588
588 603 589
589 604 590
590 605 591
591 606 592
592 607 593
593 608 594
594 609 595
595 610 596
596 611 597
597 612 598
598 613 599
599 614
600 615 601 614
601 616 602
602 617 603
603 618 604
604 619 605
605 620 606
606 621 607
607 622 608
608 623 609
609 624 610
610 625 611
611 626 612
612 627 613
613 628 614
614 629
615 630 616 629
616 631 617
617 632 618
618 633 619
619 634 620
620 635 621
621 636 622
622 637 623
623 638 624
624 639 625
625 640 626
626 641 627
627 642 628
628 643 629
629 644
630 645 631 644
631 646 632
632 647 633
633 648 634
634 649 635
635 650 636
636 651 637
637 652 638
638 653 639
639 654 640
640 655 641
641 656 642
642 657 643
643 658 644
644 659
645 660 646 659
646 661 647
647 662 648
648 663 649
649 664 650
650 665 651
651 666 652
652 667 653
653 668 654
654 669 655
655 670 656
656 671 657
657 672 658
658 673 659
659 674
660 675 661 674
661 676 662
662 677 663
663 678 664
664 679 665
665 680 666
666 681 667
667 682 668
668 683 669
669 684 670
670 685 671
671 686 672
672 687 673
673 688 674
674 689
675 690 676 689
676 691 677
677 692 678
678 693 679
679 694 680
680 695 681
681 696 682
682 697 683
683 698 684
684 699 685
685 700 686
686 701 687
687 702 688
688 703 689
689 704
690 705 691 704
691 706 692
692 707 693
693 708 694
694 709 695
695 710 696
696 711 697
697 712 698
698 713 699
699 714 700
700 715 701
701 716 702
702 717 703
703 718 704
704 719
705 720 706 719
706 721 707
707 722 708
708 723 709
709 724 710
710 725 711
711 726 712
712 727 713
713 728 714
714 729 715
715 730 716
716 731 717
717 732 718
718 733 719
719 734
720 735 721 734
721 736 722
722 737 723
723 738 724
724 739 725
725 740 726
726 741 727
727 742 728
728 743 729
729 744 730
730 745 731
731 746 732
732 747 733
733 748 734
734 749
735 750 736 749
736 751 737
737 752 738
738 753 739
739 754 740
740 755 741
741 756 742
742 757 743
743 758 744
744 759 745
745 760 746
746 761 747
747 762 748
748 763 749
749 764
750 765 751 764
751 766 752
752 767 753
753 768 754
754 769 755
755 770 756
756 771 757
757 772 758
758 773 759
759 774 760
760 775 761
761 776 762
762 777 763
763 778 764
764 779
765 780 766 779
766 781 767
767 782 768
768 783 769
769 784 770
770 785 771
771 786 772
772 787 773
773 788 774
774 789 775
775 790 776
776 791 777
777 792 778
778 793 779
779 794
780 795 781 794
781 796 782
782 797 783
783 798 784
784 799 785
785 800 786
786 801 787
787 802 788
788 803 789
789 804 790
790 805 791
791 806 792
792 807 793
793 808 794
794 809
795 810 796 809
796 811 797
797 812 798
798 813 799
799 814 800
800 815 801
801 816 802
802 817 803
803 818 804
804 819 805
805 820 806
806 821 807
807 822 808
808 823 809
809 824
810 825 811 824
811 826 812
812 827 813
813 828 814
814 829 815
815 830 816
816 831 817
817 832 818
818 833 819
819 834 820
820 835 821
821 836 822
822 837 823
823 838 824
824 839
825 840 826 839
826 841 827
827 842 828
828 843 829
829 844 830
830 845 831
831 846 832
832 847 833
833 848 834
834 849 835
835 850 836
836 851 837
837 852 838
838 853 839
839 854
840 855 841 854
841 856 842
842 857 843
843 858 844
844 859 845
845 860 846
846 861 847
847 862 848
848 863 849
849 864 850
850 865 851
851 866 852
852 867 853
853 868 854
854 869
855 870 856 869
856 871 857
857 872 858
858 873 859
859 874 860
860 875 861
861 876 862
862 877 863
863 878 864
864 879 865
865 880 866
866 881 867
867 882 868
868 883 869
869 884
870 885 871 884
871 886 872
872 887 873
873 888 874
874 889 875
875 890 876
876 891 877
877 892 878
878 893 879
879 894 880
880 895 881
881 896 882
882 897 883
883 898 884
884 899
885 900 886 899
886 901 887
887 902 888
888 903 889
889 904 890
890 905 891
891 906 892
892 907 893
893 908 894
894 909 895
895 910 896
896 911 897
897 912 898
898 913 899
899 914
900 915 901 914
901 916 902
902 917 903
903 918 904
904 919 905
905 920 906
906 921 907
907 922 908
908 923 909
909 924 910
910 925 911
911 926 912
912 927 913
913 928 914
914 929
915 930 916 929
916 931 917
917 932 918
918 933 919
919 934 920
920 935 921
921 936 922
922 937 923
923 938 924
924 939 925
925 940 926
926 941 927
927 942 928
928 943 929
929 944
930 945 931 944
931 946 932
932 947 933
933 948 934
934 949 935
935 950 936
936 951 937
937 952 938
938 953 939
939 954 940
940 955 941
941 956 942
942 957 943
943 958 944
944 959
945 960 946 959
946 961 947
947 962 948
948 963 949
949 964 950
950 965 951
951 966 952
952 967 953
953 968 954
954 969 955
955 970 956
956 971 957
957 972 958
958 973 959
959 974
960 975 961 974
961 976 962
962 977 963
963 978 964
964 979 965
965 980 966
966 981 967
967 982 968
968 983 969
969 984 970
970 985 971
971 986 972
972 987 973
973 988 974
974 989
975 990 976 989
976 991 977
977 992 978
978 993 979
979 994 980
980 995 981
981 996 982
982 997 983
983 998 984
984 999 985
985 1000 986
986 1001 987
987 1002 988
988 1003 989
989 1004
990 1005 991 1004
991 1006 992
992 1007 993
993 1008 994
994 1009 995
995 1010 996
996 1011 997
997 1012 998
998 1013 999
999 1014 1000
1000 1015 1001
1001 1016 1002
1002 1017 1003
1003 1018 1004
1004 1019
1005 1020 1006 1019
1006 1021 1007
1007 1022 1008
1008 1023 1009
1009 1024 1010
1010 1025 1011
1011 1026 1012
1012 1027 1013
1013 1028 1014
1014 1029 1015
1015 1030 1016
1016 1031 1017
1017 1032 1018
1018 1033 1019
1019 1034
1020 1035 1021 1034
1021 1036 1022
1022 1037 1023
1023 1038 1024
1024 1039 1025
1025 1040 1026
1026 1041 1027
1027 1042 1028
1028 1043 1029
1029 1044 1030
1030 1045 1031
1031 1046 1032
1032 1047 1033
1033 1048 1034
1034 1049
1035 1050 1036 1049
1036 1051 1037
1037 1052 1038
1038 1053 1039
1039 1054 1040
1040 1055 1041
1041 1056 1042
1042 1057 1043
1043 1058 1044
1044 1059 1045
1045 1060 1046
1046 1061 1047
1047 1062 1048
1048 1063 1049
1049 1064
1050 1065 1051 1064
1051 1066 1052
1052 1067 1053
1053 1068 1054
1054 1069 1055
1055 1070 1056
1056 1071 1057
1057 1072 1058
1058 1073 1059
1059 1074 1060
1060 1075 1061
1061 1076 1062
1062 1077 1063
1063 1078 1064
1064 1079
1065 1080 1066 1079
1066 1081 1067
1067 1082 1068
1068 1083 1069
1069 1084 1070
1070 1085 1071
1071 1086 1072
1072 1087 1073
1073 1088 1074
1074 1089 1075
1075 1090 1076
1076 1091 1077
1077 1092 1078
1078 1093 1079
1079 1094
1080 1095 1081 1094
1081 1096 1082
1082 1097 1083
1083 1098 1084
1084 1099 1085
1085 1100 1086
1086 1101 1087
1087 1102 1088
1088 1103 1089
1089 1104 1090
1090 1105 1091
1091 1106 1092
1092 1107 1093
1093 1108 1094
1094 1109
1095 1110 1096 1109
1096 1111 1097
1097 1112 1098
1098 1113 1099
1099 1114 1100
1100 1115 1101
1101 1116 1102
1102 1117 1103
1103 1118 1104
1104 1119 1105
1105 1120 1106
1106 1121 1107
1107 1122 1108
1108 1123 1109
1109 1124
1110 1125 1111 1124
1111 1126 1112
1112 1127 1113
1113 1128 1114
1114 1129 1115
1115 1130 1116
1116 1131 1117
1117 1132 1118
1118 1133 1119
1119 1134 1120
1120 1135 1121
1121 1136 1122
1122 1137 1123
1123 1138 1124
1124 1139
1125 1140 1126 1139
1126 1141 1127
1127 1142 1128
1128 1143 1129
1129 1144 1130
1130 1145 1131
1131 1146 1132
1132 1147 1133
1133 1148 1134
1134 1149 1135
1135 1150 1136
1136 1151 1137
1137 1152 1138
1138 1153 1139
1139 1154
1140 1155 1141 1154
1141 1156 1142
1142 1157 1143
1143 1158 1144
1144 1159 1145
1145 1160 1146
1146 1161 1147
1147 1162 1148
1148 1163 1149
1149 1164 1150
1150 1165 1151
1151 1166 1152
1152 1167 1153
1153 1168 1154
1154 1169
1155 1170 1156 1169
1156 1171 1157
1157 1172 1158
1158 1173 1159
1159 1174 1160
1160 1175 1161
1161 1176 1162
1162 1177 1163
1163 1178 1164
1164 1179 1165
1165 1180 1166
1166 1181 1167
1167 1182 1168
1168 1183 1169
1169 1184
1170 1185 1171 1184
1171 1186 1172
1172 1187 1173
1173 1188 1174
1174 1189 1175
1175 1190 1176
1176 1191 1177
1177 1192 1178
1178 1193 1179
1179 1194 1180
1180 1195 1181
1181 1196 1182
1182 1197 1183
1183 1198 1184
1184 1199
1185 1200 1186 1199
1186 1201 1187
1187 1202 1188
1188 1203 1189
1189 1204 1190
1190 1205 1191
1191 1206 1192
1192 1207 1193
1193 1208 1194
1194 1209 1195
1195 1210 1196
1196 1211 1197
1197 1212 1198
1198 1213 1199
1199 1214
1200 1215 1201 1214
1201 1216 1202
1202 1217 1203
1203 1218 1204
1204 1219 1205
1205 1220 1206
1206 1221 1207
1207 1222 1208
1208 1223 1209
1209 1224 1210
1210 1225 1211
1211 1226 1212
1212 1227 1213
1213 1228 1214
1214 1229
1215 1230 1216 1229
1216 1231 1217
1217 1232 1218
1218 1233 1219
1219 1234 1220
1220 1235 1221
1221 1236 1222
1222 1237 1223
1223 1238 1224
1224 1239 1225
1225 1240 1226
1226 1241 1227
1227 1242 1228
1228 1243 1229
1229 1244
1230 1245 1231 1244
1231 1246 1232
1232 1247 1233
1233 1248 1234
1234 1249 1235
1235 1250 1236
1236 1251 1237
1237 1252 1238
1238 1253 1239
1239 1254 1240
1240 1255 1241
1241 1256 1242
1242 1257 1243
1243 1258 1244
1244 1259
1245 1260 1246 1259
1246 1261 1247
1247 1262 1248
1248 1263 1249
1249 1264 1250
1250 1265 1251
1251 1266 1252
1252 1267 1253
1253 1268 1254
1254 1269 1255
1255 1270 1256
1256 1271 1257
1257 1272 1258
1258 1273 1259
1259 1274
1260 1275 1261 1274
1261 1276 1262
1262 1277 1263
1263 1278 1264
1264 1279 1265
1265 1280 1266
1266 1281 1267
1267 1282 1268
1268 1283 1269
1269 1284 1270
1270 1285 1271
1271 1286 1272
1272 1287 1273
1273 1288 1274
1274 1289
1275 1290 1276 1289
1276 1291 1277
1277 1292 1278
1278 1293 1279
1279 1294 1280
1280 1295 1281
1281 1296 1282
1282 1297 1283
1283 1298 1284
1284 1299 1285
1285 1300 1286
1286 1301 1287
1287 1302 1288
1288 1303 1289
1289 1304
1290 1305 1291 1304
1291 1306 1292
1292 1307 1293
1293 1308 1294
1294 1309 1295
1295 1310 1296
1296 1311 1297
1297 1312 1298
1298 1313 1299
1299 1314 1300
1300 1315 1301
1301 1316 1302
1302 1317 1303
1303 1318 1304
1304 1319
1305 1320 1306 1319
1306 1321 1307
1307 1322 1308
1308 1323 1309
1309 1324 1310
1310 1325 1311
1311 1326 1312
1312 1327 1313
1313 1328 1314
1314 1329 1315
1315 1330 1316
1316 1331 1317
1317 1332 1318
1318 1333 1319
1319 1334
1320 1335 1321 1334
1321 1336 1322
1322 1337 1323
1323 1338 1324
1324 1339 1325
1325 1340 1326
1326 1341 1327
1327 1342 1328
1328 1343 1329
1329 1344 1330
1330 1345 1331
1331 1346 1332
1332 1347 1333
1333 1348 1334
1334 1349
1335 1350 1336 1349
1336 1351 1337
1337 1352 1338
1338 1353 1339
1339 1354 1340
1340 1355 1341
1341 1356 1342
1342 1357 1343
1343 1358 1344
1344 1359 1345
1345 1360 1346
1346 1361 1347
1347 1362 1348
1348 1363 1349
1349 1364
1350 1365 1351 1364
1351 1366 1352
1352 1367 1353
1353 1368 1354
1354 1369 1355
1355 1370 1356
1356 1371 1357
1357 1372 1358
1358 1373 1359
1359 1374 1360
1360 1375 1361
1361 1376 1362
1362 1377 1363
1363 1378 1364
1364 1379
1365 1380 1366 1379
1366 1381 1367
1367 1382 1368
1368 1383 1369
1369 1384 1370
1370 1385 1371
1371 1386 1372
1372 1387 1373
1373 1388 1374
1374 1389 1375
1375 1390 1376
1376 1391 1377
1377 1392 1378
1378 1393 1379
1379 1394
1380 1395 1381 1394
1381 1396 1382
1382 1397 1383
1383 1398 1384
1384 1399 1385
1385 1400 1386
1386 1401 1387
1387 1402 1388
1388 1403 1389
1389 1404 1390
1390 1405 1391
1391 1406 1392
1392 1407 1393
1393 1408 1394
1394 1409
1395 1410 1396 1409
1396 1411 1397
1397 1412 1398
1398 1413 1399
1399 1414 1400
1400 1415 1401
1401 1416 1402
1402 1417 1403
1403 1418 1404
1404 1419 1405
1405 1420 1406
1406 1421 1407
1407 1422 1408
1408 1423 1409
1409 1424
1410 1425 1411 1424
1411 1426 1412
1412 1427 1413
1413 1428 1414
1414 1429 1415
1415 1430 1416
1416 1431 1417
1417 1432 1418
1418 1433 1419
1419 1434 1420
1420 1435 1421
1421 1436 1422
1422 1437 1423
1423 1438 1424
1424 1439
1425 1440 1426 1439
1426 1441 1427
1427 1442 1428
1428 1443 1429
1429 1444 1430
1430 1445 1431
1431 1446 1432
1432 1447 1433
1433 1448 1434
1434 1449 1435
1435 1450 1436
1436 1451 1437
1437 1452 1438
1438 1453 1439
1439 1454
1440 1455 1441 1454
1441 1456 1442
1442 1457 1443
1443 1458 1444
1444 1459 1445
1445 1460 1446
1446 1461 1447
1447 1462 1448
1448 1463 1449
1449 1464 1450
1450 1465 1451
1451 1466 1452
1452 1467 1453
1453 1468 1454
1454 1469
1455 1470 1456 1469
1456 1471 1457
1457 1472 1458
1458 1473 1459
1459 1474 1460
1460 1475 1461
1461 1476 1462
1462 1477 1463
1463 1478 1464
1464 1479 1465
1465 1480 1466
1466 1481 1467
1467 1482 1468
1468 1483 1469
1469 1484
1470 1485 1471 1484
1471 1486 1472
1472 1487 1473
1473 1488 1474
1474 1489 1475
1475 1490 1476
1476 1491 1477
1477 1492 1478
1478 1493 1479
1479 1494 1480
1480 1495 1481
1481 1496 1482
1482 1497 1483
1483 1498 1484
1484 1499
1485 1500 1486 1499
1486 1501 1487
1487 1502 1488
1488 1503 1489
1489 1504 1490
1490 1505 1491
1491 1506 1492
1492 1507 1493
1493 1508 1494
1494 1509 1495
1495 1510 1496
1496 1511 1497
1497 1512 1498
1498 1513 1499
1499 1514
1500 1515 1501 1514
1501 1516 1502
1502 1517 1503
1503 1518 1504
1504 1519 1505
1505 1520 1506
1506 1521 1507
1507 1522 1508
1508 1523 1509
1509 1524 1510
1510 1525 1511
1511 1526 1512
1512 1527 1513
1513 1528 1514
1514 1529
1515 1530 1516 1529
1516 1531 1517
1517 1532 1518
1518 1533 1519
1519 1534 1520
1520 1535 1521
1521 1536 1522
1522 1537 1523
1523 1538 1524
1524 1539 1525
1525 1540 1526
1526 1541 1527
1527 1542 1528
1528 1543 1529
1529 1544
1530 1545 1531 1544
1531 1546 1532
1532 1547 1533
1533 1548 1534
1534 1549 1535
1535 1550 1536
1536 1551 1537
1537 1552 1538
1538 1553 1539
1539 1554 1540
1540 1555 1541
1541 1556 1542
1542 1557 1543
1543 1558 1544
1544 1559
1545 1560 1546 1559
1546 1561 1547
1547 1562 1548
1548 1563 1549
1549 1564 1550
1550 1565 1551
1551 1566 1552
1552 1567 1553
1553 1568 1554
1554 1569 1555
1555 1570 1556
1556 1571 1557
1557 1572 1558
1558 1573 1559
1559 1574
1560 1575 1561 1574
1561 1576 1562
1562 1577 1563
1563 1578 1564
1564 1579 1565
1565 1580 1566
1566 1581 1567
1567 1582 1568
1568 1583 1569
1569 1584 1570
1570 1585 1571
1571 1586 1572
1572 1587 1573
1573 1588 1574
1574 1589
1575 1590 1576 1589
1576 1591 1577
1577 1592 1578
1578 1593 1579
1579 1594 1580
1580 1595 1581
1581 1596 1582
1582 1597 1583
1583 1598 1584
1584 1599 1585
1585 1600 1586
1586 1601 1587
1587 1602 1588
1588 1603 1589
1589 1604
1590 1605 1591 1604
1591 1606 1592
1592 1607 1593
1593 1608 1594
1594 1609 1595
1595 1610 1596
1596 1611 1597
1597 1612 1598
1598 1613 1599
1599 1614 1600
1600 1615 1601
1601 1616 1602
1602 1617 1603
1603 1618 1604
1604 1619
1605 1620 1606 1619
1606 1621 1607
1607 1622 1608
1608 1623 1609
1609 1624 1610
1610 1625 1611
1611 1626 1612
1612 1627 1613
1613 1628 1614
1614 1629 1615
1615 1630 1616
1616 1631 1617
1617 1632 1618
1618 1633 1619
1619 1634
1620 1635 1621 1634
1621 1636 1622
1622 1637 1623
1623 1638 1624
1624 1639 1625
1625 1640 1626
1626 1641 1627
1627 1642 1628
1628 1643 1629
1629 1644 1630
1630 1645 1631
1631 1646 1632
1632 1647 1633
1633 1648 1634
1634 1649
1635 1650 1636 1649
1636 1651 1637
1637 1652 1638
1638 1653 1639
1639 1654 1640
1640 1655 1641
1641 1656 1642
1642 1657 1643
1643 1658 1644
1644 1659 1645
1645 1660 1646
1646 1661 1647
1647 1662 1648
1648 1663 1649
1649 1664
1650 1665 1651 1664
1651 1666 1652
1652 1667 1653
1653 1668 1654
1654 1669 1655
1655 1670 1656
1656 1671 1657
1657 1672 1658
1658 1673 1659
1659 1674 1660
1660 1675 1661
1661 1676 1662
1662 1677 1663
1663 1678 1664
1664 1679
1665 1680 1666 1679
1666 1681 1667
1667 1682 1668
1668 1683 1669
1669 1684 1670
1670 1685 1671
1671 1686 1672
1672 1687 1673
1673 1688 1674
1674 1689 1675
1675 1690 1676
1676 1691 1677
1677 1692 1678
1678 1693 1679
1679 1694
1680 1695 1681 1694
1681 1696 1682
1682 1697 1683
1683 1698 1684
1684 1699 1685
1685 1700 1686
1686 1701 1687
1687 1702 1688
1688 1703 1689
1689 1704 1690
1690 1705 1691
1691 1706 1692
1692 1707 1693
1693 1708 1694
1694 1709
1695 1710 1696 1709
1696 1711 1697
1697 1712 1698
1698 1713 1699
1699 1714 1700
1700 1715 1701
1701 1716 1702
1702 1717 1703
1703 1718 1704
1704 1719 1705
1705 1720 1706
1706 1721 1707
1707 1722 1708
1708 1723 1709
1709 1724
1710 1725 1711 1724
1711 1726 1712
1712 1727 1713
1713 1728 1714
1714 1729 1715
1715 1730 1716
1716 1731 1717
1717 1732 1718
1718 1733 1719
1719 1734 1720
1720 1735 1721
1721 1736 1722
1722 1737 1723
1723 1738 1724
1724 1739
1725 1740 1726 1739
1726 1741 1727
1727 1742 1728
1728 1743 1729
1729 1744 1730
1730 1745 1731
1731 1746 1732
1732 1747 1733
1733 1748 1734
1734 1749 1735
1735 1750 1736
1736 1751 1737
1737 1752 1738
1738 1753 1739
1739 1754
1740 1755 1741 1754
1741 1756 1742
1742 1757 1743
1743 1758 1744
1744 1759 1745
1745 1760 1746
1746 1761 1747
1747 1762 1748
1748 1763 1749
1749 1764 1750
1750 1765 1751
1751 1766 1752
1752 1767 1753
1753 1768 1754
1754 1769
1755 1770 1756 1769
1756 1771 1757
1757 1772 1758
1758 1773 1759
1759 1774 1760
1760 1775 1761
1761 1776 1762
1762 1777 1763
1763 1778 1764
1764 1779 1765
1765 1780 1766
1766 1781 1767
1767 1782 1768
1768 1783 1769
1769 1784
1770 1785 1771 1784
1771 1786 1772
1772 1787 1773
1773 1788 1774
1774 1789 1775
1775 1790 1776
1776 1791 1777
1777 1792 1778
1778 1793 1779
1779 1794 1780
1780 1795 1781
1781 1796 1782
1782 1797 1783
1783 1798 1784
1784 1799
1785 1800 1786 1799
1786 1801 1787
1787 1802 1788
1788 1803 1789
1789 1804 1790
1790 1805 1791
1791 1806 1792
1792 1807 1793
1793 1808 1794
1794 1809 1795
1795 1810 1796
1796 1811 1797
1797 1812 1798
1798 1813 1799
1799 1814
1800 1815 1801 1814
1801 1816 1802
1802 1817 1803
1803 1818 1804
1804 1819 1805
1805 1820 1806
1806 1821 1807
1807 1822 1808
1808 1823 1809
1809 1824 1810
1810 1825 1811
1811 1826 1812
1812 1827 1813
1813 1828 1814
1814 1829
1815 1830 1816 1829
1816 1831 1817
1817 1832 1818
1818 1833 1819
1819 1834 1820
1820 1835 1821
1821 1836 1822
1822 1837 1823
1823 1838 1824
1824 1839 1825
1825 1840 1826
1826 1841 1827
1827 1842 1828
1828 1843 1829
1829 1844
1830 1845 1831 1844
1831 1846 1832
1832 1847 1833
1833 1848 1834
1834 1849 1835
1835 1850 1836
1836 1851 1837
1837 1852 1838
1838 1853 1839
1839 1854 1840
1840 1855 1841
1841 1856 1842
1842 1857 1843
1843 1858 1844
1844 1859
1845 1860 1846 1859
1846 1861 1847
1847 1862 1848
1848 1863 1849
1849 1864 1850
1850 1865 1851
1851 1866 1852
1852 1867 1853
1853 1868 1854
1854 1869 1855
1855 1870 1856
1856 1871 1857
1857 1872 1858
1858 1873 1859
1859 1874
1860 1875 1861 1874
1861 1876 1862
1862 1877 1863
1863 1878 1864
1864 1879 1865
1865 1880 1866
1866 1881 1867
1867 1882 1868
1868 1883 1869
1869 1884 1870
1870 1885 1871
1871 1886 1872
1872 1887 1873
1873 1888 1874
1874 1889
1875 1890 1876 1889
1876 1891 1877
1877 1892 1878
1878 1893 1879
1879 1894 1880
1880 1895 1881
1881 1896 1882
1882 1897 1883
1883 1898 1884
1884 1899 1885
1885 1900 1886
1886 1901 1887
1887 1902 1888
1888 1903 1889
1889 1904
1890 1905 1891 1904
1891 1906 1892
1892 1907 1893
1893 1908 1894
1894 1909 1895
1895 1910 1896
1896 1911 1897
1897 1912 1898
1898 1913 1899
1899 1914 1900
1900 1915 1901
1901 1916 1902
1902 1917 1903
1903 1918 1904
1904 1919
1905 1920 1906 1919
1906 1921 1907
1907 1922 1908
1908 1923 1909
1909 1924 1910
1910 1925 1911
1911 1926 1912
1912 1927 1913
1913 1928 1914
1914 1929 1915
1915 1930 1916
1916 1931 1917
1917 1932 1918
1918 1933 1919
1919 1934
1920 1935 1921 1934
1921 1936 1922
1922 1937 1923
1923 1938 1924
1924 1939 1925
1925 1940 1926
1926 1941 1927
1927 1942 1928
1928 1943 1929
1929 1944 1930
1930 1945 1931
1931 1946 1932
1932 1947 1933
1933 1948 1934
1934 1949
1935 1950 1936 1949
1936 1951 1937
1937 1952 1938
1938 1953 1939
1939 1954 1940
1940 1955 1941
1941 1956 1942
1942 1957 1943
1943 1958 1944
1944 1959 1945
1945 1960 1946
1946 1961 1947
1947 1962 1948
1948 1963 1949
1949 1964
1950 1965 1951 1964
1951 1966 1952
1952 1967 1953
1953 1968 1954
1954 1969 1955
1955 1970 1956
1956 1971 1957
1957 1972 1958
1958 1973 1959
1959 1974 1960
1960 1975 1961
1961 1976 1962
1962 1977 1963
1963 1978 1964
1964 1979
1965 1980 1966 1979
1966 1981 1967
1967 1982 1968
1968 1983 1969
1969 1984 1970
1970 1985 1971
1971 1986 1972
1972 1987 1973
1973 1988 1974
1974 1989 1975
1975 1990 1976
1976 1991 1977
1977 1992 1978
1978 1993 1979
1979 1994
1980 1995 1981 1994
1981 1996 1982
1982 1997 1983
1983 1998 1984
1984 1999 1985
1985 2000 1986
1986 2001 1987
1987 2002 1988
1988 2003 1989
1989 2004 1990
1990 2005 1991
1991 2006 1992
1992 2007 1993
1993 2008 1994
1994 2009
1995 2010 1996 2009
1996 2011 1997
1997 2012 1998
1998 2013 1999
1999 2014 2000
2000 2015 2001
2001 2016 2002
2002 2017 2003
2003 2018 2004
2004 2019 2005
2005 2020 2006
2006 2021 2007
2007 2022 2008
2008 2023 2009
2009 2024
2010 2025 2011 2024
2011 2026 2012
2012 2027 2013
2013 2028 2014
2014 2029 2015
2015 2030 2016
2016 2031 2017
2017 2032 2018
2018 2033 2019
2019 2034 2020
2020 2035 2021
2021 2036 2022
2022 2037 2023
2023 2038 2024
2024 2039
2025 2040 2026 2039
2026 2041 2027
2027 2042 2028
2028 2043 2029
2029 2044 2030
2030 2045 2031
2031 2046 2032
2032 2047 2033
2033 2048 2034
2034 2049 2035
2035 2050 2036
2036 2051 2037
2037 2052 2038
2038 2053 2039
2039 2054
2040 2055 2041 2054
2041 2056 2042
2042 2057 2043
2043 2058 2044
2044 2059 2045
2045 2060 2046
2046 2061 2047
2047 2062 2048
2048 2063 2049
2049 2064 2050
2050 2065 2051
2051 2066 2052
2052 2067 2053
2053 2068 2054
2054 2069
2055 2070 2056 2069
2056 2071 2057
2057 2072 2058
2058 2073 2059
2059 2074 2060
2060 2075 2061
2061 2076 2062
2062 2077 2063
2063 2078 2064
2064 2079 2065
2065 2080 2066
2066 2081 2067
2067 2082 2068
2068 2083 2069
2069 2084
2070 2085 2071 2084
2071 2086 2072
2072 2087 2073
2073 2088 2074
2074 2089 2075
2075 2090 2076
2076 2091 2077
2077 2092 2078
2078 2093 2079
2079 2094 2080
2080 2095 2081
2081 2096 2082
2082 2097 2083
2083 2098 2084
2084 2099
2085 2100 2086 2099
2086 2101 2087
2087 2102 2088
2088 2103 2089
2089 2104 2090
2090 2105 2091
2091 2106 2092
2092 2107 2093
2093 2108 2094
2094 2109 2095
2095 2110 2096
2096 2111 2097
2097 2112 2098
2098 2113 2099
2099 2114
2100 2115 2101 2114
2101 2116 2102
2102 2117 2103
2103 2118 2104
2104 2119 2105
2105 2120 2106
2106 2121 2107
2107 2122 2108
2108 2123 2109
2109 2124 2110
2110 2125 2111
2111 2126 2112
2112 2127 2113
2113 2128 2114
2114 2129
2115 2130 2116 2129
2116 2131 2117
2117 2132 2118
2118 2133 2119
2119 2134 2120
2120 2135 2121
2121 2136 2122
2122 2137 2123
2123 2138 2124
2124 2139 2125
2125 2140 2126
2126 2141 2127
2127 2142 2128
2128 2143 2129
2129 2144
2130 2145 2131 2144
2131 2146 2132
2132 2147 2133
2133 2148 2134
2134 2149 2135
2135 2150 2136
2136 2151 2137
2137 2152 2138
2138 2153 2139
2139 2154 2140
2140 2155 2141
2141 2156 2142
2142 2157 2143
2143 2158 2144
2144 2159
2145 2160 2146 2159
2146 2161 2147
2147 2162 2148
2148 2163 2149
2149 2164 2150
2150 2165 2151
2151 2166 2152
2152 2167 2153
2153 2168 2154
2154 2169 2155
2155 2170 2156
2156 2171 2157
2157 2172 2158
2158 2173 2159
2159 2174
2160 2175 2161 2174
2161 2176 2162
2162 2177 2163
2163 2178 2164
2164 2179 2165
2165 2180 2166
2166 2181 2167
2167 2182 2168
2168 2183 2169
2169 2184 2170
2170 2185 2171
2171 2186 2172
2172 2187 2173
2173 2188 2174
2174 2189
2175 2190 2176 2189
2176 2191 2177
2177 2192 2178
2178 2193 2179
2179 2194 2180
2180 2195 2181
2181 2196 2182
2182 2197 2183
2183 2198 2184
2184 2199 2185
2185 2200 2186
2186 2201 2187
2187 2202 2188
2188 2203 2189
2189 2204
2190 2205 2191 2204
2191 2206 2192
2192 2207 2193
2193 2208 2194
2194 2209 2195
2195 2210 2196
2196 2211 2197
2197 2212 2198
2198 2213 2199
2199 2214 2200
2200 2215 2201
2201 2216 2202
2202 2217 2203
2203 2218 2204
2204 2219
2205 2220 2206 2219
2206 2221 2207
2207 2222 2208
2208 2223 2209
2209 2224 2210
2210 2225 2211
2211 2226 2212
2212 2227 2213
2213 2228 2214
2214 2229 2215
2215 2230 2216
2216 2231 2217
2217 2232 2218
2218 2233 2219
2219 2234
2220 2235 2221 2234
2221 2236 2222
2222 2237 2223
2223 2238 2224
2224 2239 2225
2225 2240 2226
2226 2241 2227
2227 2242 2228
2228 2243 2229
2229 2244 2230
2230 2245 2231
2231 2246 2232
2232 2247 2233
2233 2248 2234
2234 2249
2235 2250 2236 2249
2236 2251 2237
2237 2252 2238
2238 2253 2239
2239 2254 2240
2240 2255 2241
2241 2256 2242
2242 2257 2243
2243 2258 2244
2244 2259 2245
2245 2260 2246
2246 2261 2247
2247 2262 2248
2248 2263 2249
2249 2264
2250 2265 2251 2264
2251 2266 2252
2252 2267 2253
2253 2268 2254
2254 2269 2255
2255 2270 2256
2256 2271 2257
2257 2272 2258
2258 2273 2259
2259 2274 2260
2260 2275 2261
2261 2276 2262
2262 2277 2263
2263 2278 2264
2264 2279
2265 2280 2266 2279
2266 2281 2267
2267 2282 2268
2268 2283 2269
2269 2284 2270
2270 2285 2271
2271 2286 2272
2272 2287 2273
2273 2288 2274
2274 2289 2275
2275 2290 2276
2276 2291 2277
2277 2292 2278
2278 2293 2279
2279 2294
2280 2295 2281 2294
2281 2296 2282
2282 2297 2283
2283 2298 2284
2284 2299 2285
2285 2300 2286
2286 2301 2287
2287 2302 2288
2288 2303 2289
2289 2304 2290
2290 2305 2291
2291 2306 2292
2292 2307 2293
2293 2308 2294
2294 2309
2295 2310 2296 2309
2296 2311 2297
2297 2312 2298
2298 2313 2299
2299 2314 2300
2300 2315 2301
2301 2316 2302
2302 2317 2303
2303 2318 2304
2304 2319 2305
2305 2320 2306
2306 2321 2307
2307 2322 2308
2308 2323 2309
2309 2324
2310 2325 2311 2324
2311 2326 2312
2312 2327 2313
2313 2328 2314
2314 2329 2315
2315 2330 2316
2316 2331 2317
2317 2332 2318
2318 2333 2319
2319 2334 2320
2320 2335 2321
2321 2336 2322
2322 2337 2323
2323 2338 2324
2324 2339
2325 2340 2326 2339
2326 2341 2327
2327 2342 2328
2328 2343 2329
2329 2344 2330
2330 2345 2331
2331 2346 2332
2332 2347 2333
2333 2348 2334
2334 2349 2335
2335 2350 2336
2336 2351 2337
2337 2352 2338
2338 2353 2339
2339 2354
2340 2355 2341 2354
2341 2356 2342
2342 2357 2343
2343 2358 2344
2344 2359 2345
2345 2360 2346
2346 2361 2347
2347 2362 2348
2348 2363 2349
2349 2364 2350
2350 2365 2351
2351 2366 2352
2352 2367 2353
2353 2368 2354
2354 2369
2355 2370 2356 2369
2356 2371 2357
2357 2372 2358
2358 2373 2359
2359 2374 2360
2360 2375 2361
2361 2376 2362
2362 2377 2363
2363 2378 2364
2364 2379 2365
2365 2380 2366
2366 2381 2367
2367 2382 2368
2368 2383 2369
2369 2384
2370 2385 2371 2384
2371 2386 2372
2372 2387 2373
2373 2388 2374
2374 2389 2375
2375 2390 2376
2376 2391 2377
2377 2392 2378
2378 2393 2379
2379 2394 2380
2380 2395 2381
2381 2396 2382
2382 2397 2383
2383 2398 2384
2384 2399
2385 2400 2386 2399
2386 2401 2387
2387 2402 2388
2388 2403 2389
2389 2404 2390
2390 2405 2391
2391 2406 2392
2392 2407 2393
2393 2408 2394
2394 2409 2395
2395 2410 2396
2396 2411 2397
2397 2412 2398
2398 2413 2399
2399 2414
2400 2415 2401 2414
2401 2416 2402
2402 2417 2403
2403 2418 2404
2404 2419 2405
2405 2420 2406
2406 2421 2407
2407 2422 2408
2408 2423 2409
2409 2424 2410
2410 2425 2411
2411 2426 2412
2412 2427 2413
2413 2428 2414
2414 2429
2415 2430 2416 2429
2416 2431 2417
2417 2432 2418
2418 2433 2419
2419 2434 2420
2420 2435 2421
2421 2436 2422
2422 2437 2423
2423 2438 2424
2424 2439 2425
2425 2440 2426
2426 2441 2427
2427 2442 2428
2428 2443 2429
2429 2444
2430 2445 2431 2444
2431 2446 2432
2432 2447 2433
2433 2448 2434
2434 2449 2435
2435 2450 2436
2436 2451 2437
2437 2452 2438
2438 2453 2439
2439 2454 2440
2440 2455 2441
2441 2456 2442
2442 2457 2443
2443 2458 2444
2444 2459
2445 2460 2446 2459
2446 2461 2447
2447 2462 2448
2448 2463 2449
2449 2464 2450
2450 2465 2451
2451 2466 2452
2452 2467 2453
2453 2468 2454
2454 2469 2455
2455 2470 2456
2456 2471 2457
2457 2472 2458
2458 2473 2459
2459 2474
2460 2475 2461 2474
2461 2476 2462
2462 2477 2463
2463 2478 2464
2464 2479 2465
2465 2480 2466
2466 2481 2467
2467 2482 2468
2468 2483 2469
2469 2484 2470
2470 2485 2471
2471 2486 2472
2472 2487 2473
2473 2488 2474
2474 2489
2475 2490 2476 2489
2476 2491 2477
2477 2492 2478
2478 2493 2479
2479 2494 2480
2480 2495 2481
2481 2496 2482
2482 2497 2483
2483 2498 2484
2484 2499 2485
2485 2500 2486
2486 2501 2487
2487 2502 2488
2488 2503 2489
2489 2504
2490 2505 2491 2504
2491 2506 2492
2492 2507 2493
2493 2508 2494
2494 2509 2495
2495 2510 2496
2496 2511 2497
2497 2512 2498
2498 2513 2499
2499 2514 2500
2500 2515 2501
2501 2516 2502
2502 2517 2503
2503 2518 2504
2504 2519
2505 2520 2506 2519
2506 2521 2507
2507 2522 2508
2508 2523 2509
2509 2524 2510
2510 2525 2511
2511 2526 2512
2512 2527 2513
2513 2528 2514
2514 2529 2515
2515 2530 2516
2516 2531 2517
2517 2532 2518
2518 2533 2519
2519 2534
2520 2535 2521 2534
2521 2536 2522
2522 2537 2523
2523 2538 2524
2524 2539 2525
2525 2540 2526
2526 2541 2527
2527 2542 2528
2528 2543 2529
2529 2544 2530
2530 2545 2531
2531 2546 2532
2532 2547 2533
2533 2548 2534
2534 2549
2535 2550 2536 2549
2536 2551 2537
2537 2552 2538
2538 2553 2539
2539 2554 2540
2540 2555 2541
2541 2556 2542
2542 2557 2543
2543 2558 2544
2544 2559 2545
2545 2560 2546
2546 2561 2547
2547 2562 2548
2548 2563 2549
2549 2564
2550 2565 2551 2564
2551 2566 2552
2552 2567 2553
2553 2568 2554
2554 2569 2555
2555 2570 2556
2556 2571 2557
2557 2572 2558
2558 2573 2559
2559 2574 2560
2560 2575 2561
2561 2576 2562
2562 2577 2563
2563 2578 2564
2564 2579
2565 2580 2566 2579
2566 2581 2567
2567 2582 2568
2568 2583 2569
2569 2584 2570
2570 2585 2571
2571 2586 2572
2572 2587 2573
2573 2588 2574
2574 2589 2575
2575 2590 2576
2576 2591 2577
2577 2592 2578
2578 2593 2579
2579 2594
2580 2595 2581 2594
2581 2596 2582
2582 2597 2583
2583 2598 2584
2584 2599 2585
2585 2600 2586
2586 2601 2587
2587 2602 2588
2588 2603 2589
2589 2604 2590
2590 2605 2591
2591 2606 2592
2592 2607 2593
2593 2608 2594
2594 2609
2595 2610 2596 2609
2596 2611 2597
2597 2612 2598
2598 2613 2599
2599 2614 2600
2600 2615 2601
2601 2616 2602
2602 2617 2603
2603 2618 2604
2604 2619 2605
2605 2620 2606
2606 2621 2607
2607 2622 2608
2608 2623 2609
2609 2624
2610 2625 2611 2624
2611 2626 2612
2612 2627 2613
2613 2628 2614
2614 2629 2615
2615 2630 2616
2616 2631 2617
2617 2632 2618
2618 2633 2619
2619 2634 2620
2620 2635 2621
2621 2636 2622
2622 2637 2623
2623 2638 2624
2624 2639
2625 2640 2626 2639
2626 2641 2627
2627 2642 2628
2628 2643 2629
2629 2644 2630
2630 2645 2631
2631 2646 2632
2632 2647 2633
2633 2648 2634
2634 2649 2635
2635 2650 2636
2636 2651 2637
2637 2652 2638
2638 2653 2639
2639 2654
2640 2655 2641 2654
2641 2656 2642
2642 2657 2643
2643 2658 2644
2644 2659 2645
2645 2660 2646
2646 2661 2647
2647 2662 2648
2648 2663 2649
2649 2664 2650
2650 2665 2651
2651 2666 2652
2652 2667 2653
2653 2668 2654
2654 2669
2655 2670 2656 2669
2656 2671 2657
2657 2672 2658
2658 2673 2659
2659 2674 2660
2660 2675 2661
2661 2676 2662
2662 2677 2663
2663 2678 2664
2664 2679 2665
2665 2680 2666
2666 2681 2667
2667 2682 2668
2668 2683 2669
2669 2684
2670 2685 2671 2684
2671 2686 2672
2672 2687 2673
2673 2688 2674
2674 2689 2675
2675 2690 2676
2676 2691 2677
2677 2692 2678
2678 2693 2679
2679 2694 2680
2680 2695 2681
2681 2696 2682
2682 2697 2683
2683 2698 2684
2684 2699
2685 2700 2686 2699
2686 2701 2687
2687 2702 2688
2688 2703 2689
2689 2704 2690
2690 2705 2691
2691 2706 2692
2692 2707 2693
2693 2708 2694
2694 2709 2695
2695 2710 2696
2696 2711 2697
2697 2712 2698
2698 2713 2699
2699 2714
2700 2715 2701 2714
2701 2716 2702
2702 2717 2703
2703 2718 2704
2704 2719 2705
2705 2720 2706
2706 2721 2707
2707 2722 2708
2708 2723 2709
2709 2724 2710
2710 2725 2711
2711 2726 2712
2712 2727 2713
2713 2728 2714
2714 2729
2715 2730 2716 2729
2716 2731 2717
2717 2732 2718
2718 2733 2719
2719 2734 2720
2720 2735 2721
2721 2736 2722
2722 2737 2723
2723 2738 2724
2724 2739 2725
2725 2740 2726
2726 2741 2727
2727 2742 2728
2728 2743 2729
2729 2744
2730 2745 2731 2744
2731 2746 2732
2732 2747 2733
2733 2748 2734
2734 2749 2735
2735 2750 2736
2736 2751 2737
2737 2752 2738
2738 2753 2739
2739 2754 2740
2740 2755 2741
2741 2756 2742
2742 2757 2743
2743 2758 2744
2744 2759
2745 2760 2746 2759
2746 2761 2747
2747 2762 2748
2748 2763 2749
2749 2764 2750
2750 2765 2751
2751 2766 2752
2752 2767 2753
2753 2768 2754
2754 2769 2755
2755 2770 2756
2756 2771 2757
2757 2772 2758
2758 2773 2759
2759 2774
2760 2775 2761 2774
2761 2776 2762
2762 2777 2763
2763 2778 2764
2764 2779 2765
2765 2780 2766
2766 2781 2767
2767 2782 2768
2768 2783 2769
2769 2784 2770
2770 2785 2771
2771 2786 2772
2772 2787 2773
2773 2788 2774
2774 2789
2775 2790 2776 2789
2776 2791 2777
2777 2792 2778
2778 2793 2779
2779 2794 2780
2780 2795 2781
2781 2796 2782
2782 2797 2783
2783 2798 2784
2784 2799 2785
2785 2800 2786
2786 2801 2787
2787 2802 2788
2788 2803 2789
2789 2804
2790 2805 2791 2804
2791 2806 2792
2792 2807 2793
2793 2808 2794
2794 2809 2795
2795 2810 2796
2796 2811 2797
2797 2812 2798
2798 2813 2799
2799 2814 2800
2800 2815 2801
2801 2816 2802
2802 2817 2803
2803 2818 2804
2804 2819
2805 2820 2806 2819
2806 2821 2807
2807 2822 2808
2808 2823 2809
2809 2824 2810
2810 2825 2811
2811 2826 2812
2812 2827 2813
2813 2828 2814
2814 2829 2815
2815 2830 2816
2816 2831 2817
2817 2832 2818
2818 2833 2819
2819 2834
2820 2835 2821 2834
2821 2836 2822
2822 2837 2823
2823 2838 2824
2824 2839 2825
2825 2840 2826
2826 2841 2827
2827 2842 2828
2828 2843 2829
2829 2844 2830
2830 2845 2831
2831 2846 2832
2832 2847 2833
2833 2848 2834
2834 2849
2835 2850 2836 2849
2836 2851 2837
2837 2852 2838
2838 2853 2839
2839 2854 2840
2840 2855 2841
2841 2856 2842
2842 2857 2843
2843 2858 2844
2844 2859 2845
2845 2860 2846
2846 2861 2847
2847 2862 2848
2848 2863 2849
2849 2864
2850 2865 2851 2864
2851 2866 2852
2852 2867 2853
2853 2868 2854
2854 2869 2855
2855 2870 2856
2856 2871 2857
2857 2872 2858
2858 2873 2859
2859 2874 2860
2860 2875 2861
2861 2876 2862
2862 2877 2863
2863 2878 2864
2864 2879
2865 2880 2866 2879
2866 2881 2867
2867 2882 2868
2868 2883 2869
2869 2884 2870
2870 2885 2871
2871 2886 2872
2872 2887 2873
2873 2888 2874
2874 2889 2875
2875 2890 2876
2876 2891 2877
2877 2892 2878
2878 2893 2879
2879 2894
2880 2895 2881 2894
2881 2896 2882
2882 2897 2883
2883 2898 2884
2884 2899 2885
2885 2900 2886
2886 2901 2887
2887 2902 2888
2888 2903 2889
2889 2904 2890
2890 2905 2891
2891 2906 2892
2892 2907 2893
2893 2908 2894
2894 2909
2895 2910 2896 2909
2896 2911 2897
2897 2912 2898
2898 2913 2899
2899 2914 2900
2900 2915 2901
2901 2916 2902
2902 2917 2903
2903 2918 2904
2904 2919 2905
2905 2920 2906
2906 2921 2907
2907 2922 2908
2908 2923 2909
2909 2924
2910 2925 2911 2924
2911 2926 2912
2912 2927 2913
2913 2928 2914
2914 2929 2915
2915 2930 2916
2916 2931 2917
2917 2932 2918
2918 2933 2919
2919 2934 2920
2920 2935 2921
2921 2936 2922
2922 2937 2923
2923 2938 2924
2924 2939
2925 2940 2926 2939
2926 2941 2927
2927 2942 2928
2928 2943 2929
2929 2944 2930
2930 2945 2931
2931 2946 2932
2932 2947 2933
2933 2948 2934
2934 2949 2935
2935 2950 2936
2936 2951 2937
2937 2952 2938
2938 2953 2939
2939 2954
2940 2955 2941 2954
2941 2956 2942
2942 2957 2943
2943 2958 2944
2944 2959 2945
2945 2960 2946
2946 2961 2947
2947 2962 2948
2948 2963 2949
2949 2964 2950
2950 2965 2951
2951 2966 2952
2952 2967 2953
2953 2968 2954
2954 2969
2955 2970 2956 2969
2956 2971 2957
2957 2972 2958
2958 2973 2959
2959 2974 2960
2960 2975 2961
2961 2976 2962
2962 2977 2963
2963 2978 2964
2964 2979 2965
2965 2980 2966
2966 2981 2967
2967 2982 2968
2968 2983 2969
2969 2984
2970 2985 2971 2984
2971 2986 2972
2972 2987 2973
2973 2988 2974
2974 2989 2975
2975 2990 2976
2976 2991 2977
2977 2992 2978
2978 2993 2979
2979 2994 2980
2980 2995 2981
2981 2996 2982
2982 2997 2983
2983 2998 2984
2984 2999
2985 3000 2986 2999
2986 3001 2987
2987 3002 2988
2988 3003 2989
2989 3004 2990
2990 3005 2991
2991 3006 2992
2992 3007 2993
2993 3008 2994
2994 3009 2995
2995 3010 2996
2996 3011 2997
2997 3012 2998
2998 3013 2999
2999 3014
3000 3015 3001 3014
3001 3016 3002
3002 3017 3003
3003 3018 3004
3004 3019 3005
3005 3020 3006
3006 3021 3007
3007 3022 3008
3008 3023 3009
3009 3024 3010
3010 3025 3011
3011 3026 3012
3012 3027 3013
3013 3028 3014
3014 3029
3015 3030 3016 3029
3016 3031 3017
3017 3032 3018
3018 3033 3019
3019 3034 3020
3020 3035 3021
3021 3036 3022
3022 3037 3023
3023 3038 3024
3024 3039 3025
3025 3040 3026
3026 3041 3027
3027 3042 3028
3028 3043 3029
3029 3044
3030 3045 3031 3044
3031 3046 3032
3032 3047 3033
3033 3048 3034
3034 3049 3035
3035 3050 3036
3036 3051 3037
3037 3052 3038
3038 3053 3039
3039 3054 3040
3040 3055 3041
3041 3056 3042
3042 3057 3043
3043 3058 3044
3044 3059
3045 3060 3046 3059
3046 3061 3047
3047 3062 3048
3048 3063 3049
3049 3064 3050
3050 3065 3051
3051 3066 3052
3052 3067 3053
3053 3068 3054
3054 3069 3055
3055 3070 3056
3056 3071 3057
3057 3072 3058
3058 3073 3059
3059 3074
3060 3075 3061 3074
3061 3076 3062
3062 3077 3063
3063 3078 3064
3064 3079 3065
3065 3080 3066
3066 3081 3067
3067 3082 3068
3068 3083 3069
3069 3084 3070
3070 3085 3071
3071 3086 3072
3072 3087 3073
3073 3088 3074
3074 3089
3075 3090 3076 3089
3076 3091 3077
3077 3092 3078
3078 3093 3079
3079 3094 3080
3080 3095 3081
3081 3096 3082
3082 3097 3083
3083 3098 3084
3084 3099 3085
3085 3100 3086
3086 3101 3087
3087 3102 3088
3088 3103 3089
3089 3104
3090 3105 3091 3104
3091 3106 3092
3092 3107 3093
3093 3108 3094
3094 3109 3095
3095 3110 3096
3096 3111 3097
3097 3112 3098
3098 3113 3099
3099 3114 3100
3100 3115 3101
3101 3116 3102
3102 3117 3103
3103 3118 3104
3104 3119
3105 3120 3106 3119
3106 3121 3107
3107 3122 3108
3108 3123 3109
3109 3124 3110
3110 3125 3111
3111 3126 3112
3112 3127 3113
3113 3128 3114
3114 3129 3115
3115 3130 3116
3116 3131 3117
3117 3132 3118
3118 3133 3119
3119 3134
3120 3135 3121 3134
3121 3136 3122
3122 3137 3123
3123 3138 3124
3124 3139 3125
3125 3140 3126
3126 3141 3127
3127 3142 3128
3128 3143 3129
3129 3144 3130
3130 3145 3131
3131 3146 3132
3132 3147 3133
3133 3148 3134
3134 3149
3135 3150 3136 3149
3136 3151 3137
3137 3152 3138
3138 3153 3139
3139 3154 3140
3140 3155 3141
3141 3156 3142
3142 3157 3143
3143 3158 3144
3144 3159 3145
3145 3160 3146
3146 3161 3147
3147 3162 3148
3148 3163 3149
3149 3164
3150 3165 3151 3164
3151 3166 3152
3152 3167 3153
3153 3168 3154
3154 3169 3155
3155 3170 3156
3156 3171 3157
3157 3172 3158
3158 3173 3159
3159 3174 3160
3160 3175 3161
3161 3176 3162
3162 3177 3163
3163 3178 3164
3164 3179
3165 3180 3166 3179
3166 3181 3167
3167 3182 3168
3168 3183 3169
3169 3184 3170
3170 3185 3171
3171 3186 3172
3172 3187 3173
3173 3188 3174
3174 3189 3175
3175 3190 3176
3176 3191 3177
3177 3192 3178
3178 3193 3179
3179 3194
3180 3195 3181 3194
3181 3196 3182
3182 3197 3183
3183 3198 3184
3184 3199 3185
3185 3200 3186
3186 3201 3187
3187 3202 3188
3188 3203 3189
3189 3204 3190
3190 3205 3191
3191 3206 3192
3192 3207 3193
3193 3208 3194
3194 3209
3195 3210 3196 3209
3196 3211 3197
3197 3212 3198
3198 3213 3199
3199 3214 3200
3200 3215 3201
3201 3216 3202
3202 3217 3203
3203 3218 3204
3204 3219 3205
3205 3220 3206
3206 3221 3207
3207 3222 3208
3208 3223 3209
3209 3224
3210 3225 3211 3224
3211 3226 3212
3212 3227 3213
3213 3228 3214
3214 3229 3215
3215 3230 3216
3216 3231 3217
3217 3232 3218
3218 3233 3219
3219 3234 3220
3220 3235 3221
3221 3236 3222
3222 3237 3223
3223 3238 3224
3224 3239
3225 3240 3226 3239
3226 3241 3227
3227 3242 3228
3228 3243 3229
3229 3244 3230
3230 3245 3231
3231 3246 3232
3232 3247 3233
3233 3248 3234
3234 3249 3235
3235 3250 3236
3236 3251 3237
3237 3252 3238
3238 3253 3239
3239 3254
3240 3255 3241 3254
3241 3256 3242
3242 3257 3243
3243 3258 3244
3244 3259 3245
3245 3260 3246
3246 3261 3247
3247 3262 3248
3248 3263 3249
3249 3264 3250
3250 3265 3251
3251 3266 3252
3252 3267 3253
3253 3268 3254
3254 3269
3255 3270 3256 3269
3256 3271 3257
3257 3272 3258
3258 3273 3259
3259 3274 3260
3260 3275 3261
3261 3276 3262
3262 3277 3263
3263 3278 3264
3264 3279 3265
3265 3280 3266
3266 3281 3267
3267 3282 3268
3268 3283 3269
3269 3284
3270 3285 3271 3284
3271 3286 3272
3272 3287 3273
3273 3288 3274
3274 3289 3275
3275 3290 3276
3276 3291 3277
3277 3292 3278
3278 3293 3279
3279 3294 3280
3280 3295 3281
3281 3296 3282
3282 3297 3283
3283 3298 3284
3284 3299
3285 3300 3286 3299
3286 3301 3287
3287 3302 3288
3288 3303 3289
3289 3304 3290
3290 3305 3291
3291 3306 3292
3292 3307 3293
3293 3308 3294
3294 3309 3295
3295 3310 3296
3296 3311 3297
3297 3312 3298
3298 3313 3299
3299 3314
3300 3315 3301 3314
3301 3316 3302
3302 3317 3303
3303 3318 3304
3304 3319 3305
3305 3320 3306
3306 3321 3307
3307 3322 3308
3308 3323 3309
3309 3324 3310
3310 3325 3311
3311 3326 3312
3312 3327 3313
3313 3328 3314
3314 3329
3315 3330 3316 3329
3316 3331 3317
3317 3332 3318
3318 3333 3319
3319 3334 3320
3320 3335 3321
3321 3336 3322
3322 3337 3323
3323 3338 3324
3324 3339 3325
3325 3340 3326
3326 3341 3327
3327 3342 3328
3328 3343 3329
3329 3344
3330 3345 3331 3344
3331 3346 3332
3332 3347 3333
3333 3348 3334
3334 3349 3335
3335 3350 3336
3336 3351 3337
3337 3352 3338
3338 3353 3339
3339 3354 3340
3340 3355 3341
3341 3356 3342
3342 3357 3343
3343 3358 3344
3344 3359
3345 3360 3346 3359
3346 3361 3347
3347 3362 3348
3348 3363 3349
3349 3364 3350
3350 3365 3351
3351 3366 3352
3352 3367 3353
3353 3368 3354
3354 3369 3355
3355 3370 3356
3356 3371 3357
3357 3372 3358
3358 3373 3359
3359 3374
3360 3375 3361 3374
3361 3376 3362
3362 3377 3363
3363 3378 3364
3364 3379 3365
3365 3380 3366
3366 3381 3367
3367 3382 3368
3368 3383 3369
3369 3384 3370
3370 3385 3371
3371 3386 3372
3372 3387 3373
3373 3388 3374
3374 3389
3375 3390 3376 3389
3376 3391 3377
3377 3392 3378
3378 3393 3379
3379 3394 3380
3380 3395 3381
3381 3396 3382
3382 3397 3383
3383 3398 3384
3384 3399 3385
3385 3400 3386
3386 3401 3387
3387 3402 3388
3388 3403 3389
3389 3404
3390 3405 3391 3404
3391 3406 3392
3392 3407 3393
3393 3408 3394
3394 3409 3395
3395 3410 3396
3396 3411 3397
3397 3412 3398
3398 3413 3399
3399 3414 3400
3400 3415 3401
3401 3416 3402
3402 3417 3403
3403 3418 3404
3404 3419
3405 3420 3406 3419
3406 3421 3407
3407 3422 3408
3408 3423 3409
3409 3424 3410
3410 3425 3411
3411 3426 3412
3412 3427 3413
3413 3428 3414
3414 3429 3415
3415 3430 3416
3416 3431 3417
3417 3432 3418
3418 3433 3419
3419 3434
3420 3435 3421 3434
3421 3436 3422
3422 3437 3423
3423 3438 3424
3424 3439 3425
3425 3440 3426
3426 3441 3427
3427 3442 3428
3428 3443 3429
3429 3444 3430
3430 3445 3431
3431 3446 3432
3432 3447 3433
3433 3448 3434
3434 3449
3435 3450 3436 3449
3436 3451 3437
3437 3452 3438
3438 3453 3439
3439 3454 3440
3440 3455 3441
3441 3456 3442
3442 3457 3443
3443 3458 3444
3444 3459 3445
3445 3460 3446
3446 3461 3447
3447 3462 3448
3448 3463 3449
3449 3464
3450 3465 3451 3464
3451 3466 3452
3452 3467 3453
3453 3468 3454
3454 3469 3455
3455 3470 3456
3456 3471 3457
3457 3472 3458
3458 3473 3459
3459 3474 3460
3460 3475 3461
3461 3476 3462
3462 3477 3463
3463 3478 3464
3464 3479
3465 3480 3466 3479
3466 3481 3467
3467 3482 3468
3468 3483 3469
3469 3484 3470
3470 3485 3471
3471 3486 3472
3472 3487 3473
3473 3488 3474
3474 3489 3475
3475 3490 3476
3476 3491 3477
3477 3492 3478
3478 3493 3479
3479 3494
3480 3495 3481 3494
3481 3496 3482
3482 3497 3483
3483 3498 3484
3484 3499 3485
3485 3500 3486
3486 3501 3487
3487 3502 3488
3488 3503 3489
3489 3504 3490
3490 3505 3491
3491 3506 3492
3492 3507 3493
3493 3508 3494
3494 3509
3495 3510 3496 3509
3496 3511 3497
3497 3512 3498
3498 3513 3499
3499 3514 3500
3500 3515 3501
3501 3516 3502
3502 3517 3503
3503 3518 3504
3504 3519 3505
3505 3520 3506
3506 3521 3507
3507 3522 3508
3508 3523 3509
3509 3524
3510 3525 3511 3524
3511 3526 3512
3512 3527 3513
3513 3528 3514
3514 3529 3515
3515 3530 3516
3516 3531 3517
3517 3532 3518
3518 3533 3519
3519 3534 3520
3520 3535 3521
3521 3536 3522
3522 3537 3523
3523 3538 3524
3524 3539
3525 3540 3526 3539
3526 3541 3527
3527 3542 3528
3528 3543 3529
3529 3544 3530
3530 3545 3531
3531 3546 3532
3532 3547 3533
3533 3548 3534
3534 3549 3535
3535 3550 3536
3536 3551 3537
3537 3552 3538
3538 3553 3539
3539 3554
3540 3555 3541 3554
3541 3556 3542
3542 3557 3543
3543 3558 3544
3544 3559 3545
3545 3560 3546
3546 3561 3547
3547 3562 3548
3548 3563 3549
3549 3564 3550
3550 3565 3551
3551 3566 3552
3552 3567 3553
3553 3568 3554
3554 3569
3555 3570 3556 3569
3556 3571 3557
3557 3572 3558
3558 3573 3559
3559 3574 3560
3560 3575 3561
3561 3576 3562
3562 3577 3563
3563 3578 3564
3564 3579 3565
3565 3580 3566
3566 3581 3567
3567 3582 3568
3568 3583 3569
3569 3584
3570 3585 3571 3584
3571 3586 3572
3572 3587 3573
3573 3588 3574
3574 3589 3575
3575 3590 3576
3576 3591 3577
3577 3592 3578
3578 3593 3579
3579 3594 3580
3580 3595 3581
3581 3596 3582
3582 3597 3583
3583 3598 3584
3584 3599
3585 3586 3599
3586 3587
3587 3588
3588 3589
3589 3590
3590 3591
3591 3592
3592 3593
3593 3594
3594 3595
3595 3596
3596 3597
3597 3598
3598 3599
3599
