#gen-graphs.py --config experiment_graphs.json
# GMT Tue Apr  1 04:51:41 2025
# 
0 3596 4 1 3
1 3597 5 2
2 3598 6 3
3 3599 7
4 8 5 7
5 9 6
6 10 7
7 11
8 12 9 11
9 13 10
10 14 11
11 15
12 16 13 15
13 17 14
14 18 15
15 19
16 20 17 19
17 21 18
18 22 19
19 23
20 24 21 23
21 25 22
22 26 23
23 27
24 28 25 27
25 29 26
26 30 27
27 31
28 32 29 31
29 33 30
30 34 31
31 35
32 36 33 35
33 37 34
34 38 35
35 39
36 40 37 39
37 41 38
38 42 39
39 43
40 44 41 43
41 45 42
42 46 43
43 47
44 48 45 47
45 49 46
46 50 47
47 51
48 52 49 51
49 53 50
50 54 51
51 55
52 56 53 55
53 57 54
54 58 55
55 59
56 60 57 59
57 61 58
58 62 59
59 63
60 64 61 63
61 65 62
62 66 63
63 67
64 68 65 67
65 69 66
66 70 67
67 71
68 72 69 71
69 73 70
70 74 71
71 75
72 76 73 75
73 77 74
74 78 75
75 79
76 80 77 79
77 81 78
78 82 79
79 83
80 84 81 83
81 85 82
82 86 83
83 87
84 88 85 87
85 89 86
86 90 87
87 91
88 92 89 91
89 93 90
90 94 91
91 95
92 96 93 95
93 97 94
94 98 95
95 99
96 100 97 99
97 101 98
98 102 99
99 103
100 104 101 103
101 105 102
102 106 103
103 107
104 108 105 107
105 109 106
106 110 107
107 111
108 112 109 111
109 113 110
110 114 111
111 115
112 116 113 115
113 117 114
114 118 115
115 119
116 120 117 119
117 121 118
118 122 119
119 123
120 124 121 123
121 125 122
122 126 123
123 127
124 128 125 127
125 129 126
126 130 127
127 131
128 132 129 131
129 133 130
130 134 131
131 135
132 136 133 135
133 137 134
134 138 135
135 139
136 140 137 139
137 141 138
138 142 139
139 143
140 144 141 143
141 145 142
142 146 143
143 147
144 148 145 147
145 149 146
146 150 147
147 151
148 152 149 151
149 153 150
150 154 151
151 155
152 156 153 155
153 157 154
154 158 155
155 159
156 160 157 159
157 161 158
158 162 159
159 163
160 164 161 163
161 165 162
162 166 163
163 167
164 168 165 167
165 169 166
166 170 167
167 171
168 172 169 171
169 173 170
170 174 171
171 175
172 176 173 175
173 177 174
174 178 175
175 179
176 180 177 179
177 181 178
178 182 179
179 183
180 184 181 183
181 185 182
182 186 183
183 187
184 188 185 187
185 189 186
186 190 187
187 191
188 192 189 191
189 193 190
190 194 191
191 195
192 196 193 195
193 197 194
194 198 195
195 199
196 200 197 199
197 201 198
198 202 199
199 203
200 204 201 203
201 205 202
202 206 203
203 207
204 208 205 207
205 209 206
206 210 207
207 211
208 212 209 211
209 213 210
210 214 211
211 215
212 216 213 215
213 217 214
214 218 215
215 219
216 220 217 219
217 221 218
218 222 219
219 223
220 224 221 223
221 225 222
222 226 223
223 227
224 228 225 227
225 229 226
226 230 227
227 231
228 232 229 231
229 233 230
230 234 231
231 235
232 236 233 235
233 237 234
234 238 235
235 239
236 240 237 239
237 241 238
238 242 239
239 243
240 244 241 243
241 245 242
242 246 243
243 247
244 248 245 247
245 249 246
246 250 247
247 251
248 252 249 251
249 253 250
250 254 251
251 255
252 256 253 255
253 257 254
254 258 255
255 259
256 260 257 259
257 261 258
258 262 259
259 263
260 264 261 263
261 265 262
262 266 263
263 267
264 268 265 267
265 269 266
266 270 267
267 271
268 272 269 271
269 273 270
270 274 271
271 275
272 276 273 275
273 277 274
274 278 275
275 279
276 280 277 279
277 281 278
278 282 279
279 283
280 284 281 283
281 285 282
282 286 283
283 287
284 288 285 287
285 289 286
286 290 287
287 291
288 292 289 291
289 293 290
290 294 291
291 295
292 296 293 295
293 297 294
294 298 295
295 299
296 300 297 299
297 301 298
298 302 299
299 303
300 304 301 303
301 305 302
302 306 303
303 307
304 308 305 307
305 309 306
306 310 307
307 311
308 312 309 311
309 313 310
310 314 311
311 315
312 316 313 315
313 317 314
314 318 315
315 319
316 320 317 319
317 321 318
318 322 319
319 323
320 324 321 323
321 325 322
322 326 323
323 327
324 328 325 327
325 329 326
326 330 327
327 331
328 332 329 331
329 333 330
330 334 331
331 335
332 336 333 335
333 337 334
334 338 335
335 339
336 340 337 339
337 341 338
338 342 339
339 343
340 344 341 343
341 345 342
342 346 343
343 347
344 348 345 347
345 349 346
346 350 347
347 351
348 352 349 351
349 353 350
350 354 351
351 355
352 356 353 355
353 357 354
354 358 355
355 359
356 360 357 359
357 361 358
358 362 359
359 363
360 364 361 363
361 365 362
362 366 363
363 367
364 368 365 367
365 369 366
366 370 367
367 371
368 372 369 371
369 373 370
370 374 371
371 375
372 376 373 375
373 377 374
374 378 375
375 379
376 380 377 379
377 381 378
378 382 379
379 383
380 384 381 383
381 385 382
382 386 383
383 387
384 388 385 387
385 389 386
386 390 387
387 391
388 392 389 391
389 393 390
390 394 391
391 395
392 396 393 395
393 397 394
394 398 395
395 399
396 400 397 399
397 401 398
398 402 399
399 403
400 404 401 403
401 405 402
402 406 403
403 407
404 408 405 407
405 409 406
406 410 407
407 411
408 412 409 411
409 413 410
410 414 411
411 415
412 416 413 415
413 417 414
414 418 415
415 419
416 420 417 419
417 421 418
418 422 419
419 423
420 424 421 423
421 425 422
422 426 423
423 427
424 428 425 427
425 429 426
426 430 427
427 431
428 432 429 431
429 433 430
430 434 431
431 435
432 436 433 435
433 437 434
434 438 435
435 439
436 440 437 439
437 441 438
438 442 439
439 443
440 444 441 443
441 445 442
442 446 443
443 447
444 448 445 447
445 449 446
446 450 447
447 451
448 452 449 451
449 453 450
450 454 451
451 455
452 456 453 455
453 457 454
454 458 455
455 459
456 460 457 459
457 461 458
458 462 459
459 463
460 464 461 463
461 465 462
462 466 463
463 467
464 468 465 467
465 469 466
466 470 467
467 471
468 472 469 471
469 473 470
470 474 471
471 475
472 476 473 475
473 477 474
474 478 475
475 479
476 480 477 479
477 481 478
478 482 479
479 483
480 484 481 483
481 485 482
482 486 483
483 487
484 488 485 487
485 489 486
486 490 487
487 491
488 492 489 491
489 493 490
490 494 491
491 495
492 496 493 495
493 497 494
494 498 495
495 499
496 500 497 499
497 501 498
498 502 499
499 503
500 504 501 503
501 505 502
502 506 503
503 507
504 508 505 507
505 509 506
506 510 507
507 511
508 512 509 511
509 513 510
510 514 511
511 515
512 516 513 515
513 517 514
514 518 515
515 519
516 520 517 519
517 521 518
518 522 519
519 523
520 524 521 523
521 525 522
522 526 523
523 527
524 528 525 527
525 529 526
526 530 527
527 531
528 532 529 531
529 533 530
530 534 531
531 535
532 536 533 535
533 537 534
534 538 535
535 539
536 540 537 539
537 541 538
538 542 539
539 543
540 544 541 543
541 545 542
542 546 543
543 547
544 548 545 547
545 549 546
546 550 547
547 551
548 552 549 551
549 553 550
550 554 551
551 555
552 556 553 555
553 557 554
554 558 555
555 559
556 560 557 559
557 561 558
558 562 559
559 563
560 564 561 563
561 565 562
562 566 563
563 567
564 568 565 567
565 569 566
566 570 567
567 571
568 572 569 571
569 573 570
570 574 571
571 575
572 576 573 575
573 577 574
574 578 575
575 579
576 580 577 579
577 581 578
578 582 579
579 583
580 584 581 583
581 585 582
582 586 583
583 587
584 588 585 587
585 589 586
586 590 587
587 591
588 592 589 591
589 593 590
590 594 591
591 595
592 596 593 595
593 597 594
594 598 595
595 599
596 600 597 599
597 601 598
598 602 599
599 603
600 604 601 603
601 605 602
602 606 603
603 607
604 608 605 607
605 609 606
606 610 607
607 611
608 612 609 611
609 613 610
610 614 611
611 615
612 616 613 615
613 617 614
614 618 615
615 619
616 620 617 619
617 621 618
618 622 619
619 623
620 624 621 623
621 625 622
622 626 623
623 627
624 628 625 627
625 629 626
626 630 627
627 631
628 632 629 631
629 633 630
630 634 631
631 635
632 636 633 635
633 637 634
634 638 635
635 639
636 640 637 639
637 641 638
638 642 639
639 643
640 644 641 643
641 645 642
642 646 643
643 647
644 648 645 647
645 649 646
646 650 647
647 651
648 652 649 651
649 653 650
650 654 651
651 655
652 656 653 655
653 657 654
654 658 655
655 659
656 660 657 659
657 661 658
658 662 659
659 663
660 664 661 663
661 665 662
662 666 663
663 667
664 668 665 667
665 669 666
666 670 667
667 671
668 672 669 671
669 673 670
670 674 671
671 675
672 676 673 675
673 677 674
674 678 675
675 679
676 680 677 679
677 681 678
678 682 679
679 683
680 684 681 683
681 685 682
682 686 683
683 687
684 688 685 687
685 689 686
686 690 687
687 691
688 692 689 691
689 693 690
690 694 691
691 695
692 696 693 695
693 697 694
694 698 695
695 699
696 700 697 699
697 701 698
698 702 699
699 703
700 704 701 703
701 705 702
702 706 703
703 707
704 708 705 707
705 709 706
706 710 707
707 711
708 712 709 711
709 713 710
710 714 711
711 715
712 716 713 715
713 717 714
714 718 715
715 719
716 720 717 719
717 721 718
718 722 719
719 723
720 724 721 723
721 725 722
722 726 723
723 727
724 728 725 727
725 729 726
726 730 727
727 731
728 732 729 731
729 733 730
730 734 731
731 735
732 736 733 735
733 737 734
734 738 735
735 739
736 740 737 739
737 741 738
738 742 739
739 743
740 744 741 743
741 745 742
742 746 743
743 747
744 748 745 747
745 749 746
746 750 747
747 751
748 752 749 751
749 753 750
750 754 751
751 755
752 756 753 755
753 757 754
754 758 755
755 759
756 760 757 759
757 761 758
758 762 759
759 763
760 764 761 763
761 765 762
762 766 763
763 767
764 768 765 767
765 769 766
766 770 767
767 771
768 772 769 771
769 773 770
770 774 771
771 775
772 776 773 775
773 777 774
774 778 775
775 779
776 780 777 779
777 781 778
778 782 779
779 783
780 784 781 783
781 785 782
782 786 783
783 787
784 788 785 787
785 789 786
786 790 787
787 791
788 792 789 791
789 793 790
790 794 791
791 795
792 796 793 795
793 797 794
794 798 795
795 799
796 800 797 799
797 801 798
798 802 799
799 803
800 804 801 803
801 805 802
802 806 803
803 807
804 808 805 807
805 809 806
806 810 807
807 811
808 812 809 811
809 813 810
810 814 811
811 815
812 816 813 815
813 817 814
814 818 815
815 819
816 820 817 819
817 821 818
818 822 819
819 823
820 824 821 823
821 825 822
822 826 823
823 827
824 828 825 827
825 829 826
826 830 827
827 831
828 832 829 831
829 833 830
830 834 831
831 835
832 836 833 835
833 837 834
834 838 835
835 839
836 840 837 839
837 841 838
838 842 839
839 843
840 844 841 843
841 845 842
842 846 843
843 847
844 848 845 847
845 849 846
846 850 847
847 851
848 852 849 851
849 853 850
850 854 851
851 855
852 856 853 855
853 857 854
854 858 855
855 859
856 860 857 859
857 861 858
858 862 859
859 863
860 864 861 863
861 865 862
862 866 863
863 867
864 868 865 867
865 869 866
866 870 867
867 871
868 872 869 871
869 873 870
870 874 871
871 875
872 876 873 875
873 877 874
874 878 875
875 879
876 880 877 879
877 881 878
878 882 879
879 883
880 884 881 883
881 885 882
882 886 883
883 887
884 888 885 887
885 889 886
886 890 887
887 891
888 892 889 891
889 893 890
890 894 891
891 895
892 896 893 895
893 897 894
894 898 895
895 899
896 900 897 899
897 901 898
898 902 899
899 903
900 904 901 903
901 905 902
902 906 903
903 907
904 908 905 907
905 909 906
906 910 907
907 911
908 912 909 911
909 913 910
910 914 911
911 915
912 916 913 915
913 917 914
914 918 915
915 919
916 920 917 919
917 921 918
918 922 919
919 923
920 924 921 923
921 925 922
922 926 923
923 927
924 928 925 927
925 929 926
926 930 927
927 931
928 932 929 931
929 933 930
930 934 931
931 935
932 936 933 935
933 937 934
934 938 935
935 939
936 940 937 939
937 941 938
938 942 939
939 943
940 944 941 943
941 945 942
942 946 943
943 947
944 948 945 947
945 949 946
946 950 947
947 951
948 952 949 951
949 953 950
950 954 951
951 955
952 956 953 955
953 957 954
954 958 955
955 959
956 960 957 959
957 961 958
958 962 959
959 963
960 964 961 963
961 965 962
962 966 963
963 967
964 968 965 967
965 969 966
966 970 967
967 971
968 972 969 971
969 973 970
970 974 971
971 975
972 976 973 975
973 977 974
974 978 975
975 979
976 980 977 979
977 981 978
978 982 979
979 983
980 984 981 983
981 985 982
982 986 983
983 987
984 988 985 987
985 989 986
986 990 987
987 991
988 992 989 991
989 993 990
990 994 991
991 995
992 996 993 995
993 997 994
994 998 995
995 999
996 1000 997 999
997 1001 998
998 1002 999
999 1003
1000 1004 1001 1003
1001 1005 1002
1002 1006 1003
1003 1007
1004 1008 1005 1007
1005 1009 1006
1006 1010 1007
1007 1011
1008 1012 1009 1011
1009 1013 1010
1010 1014 1011
1011 1015
1012 1016 1013 1015
1013 1017 1014
1014 1018 1015
1015 1019
1016 1020 1017 1019
1017 1021 1018
1018 1022 1019
1019 1023
1020 1024 1021 1023
1021 1025 1022
1022 1026 1023
1023 1027
1024 1028 1025 1027
1025 1029 1026
1026 1030 1027
1027 1031
1028 1032 1029 1031
1029 1033 1030
1030 1034 1031
1031 1035
1032 1036 1033 1035
1033 1037 1034
1034 1038 1035
1035 1039
1036 1040 1037 1039
1037 1041 1038
1038 1042 1039
1039 1043
1040 1044 1041 1043
1041 1045 1042
1042 1046 1043
1043 1047
1044 1048 1045 1047
1045 1049 1046
1046 1050 1047
1047 1051
1048 1052 1049 1051
1049 1053 1050
1050 1054 1051
1051 1055
1052 1056 1053 1055
1053 1057 1054
1054 1058 1055
1055 1059
1056 1060 1057 1059
1057 1061 1058
1058 1062 1059
1059 1063
1060 1064 1061 1063
1061 1065 1062
1062 1066 1063
1063 1067
1064 1068 1065 1067
1065 1069 1066
1066 1070 1067
1067 1071
1068 1072 1069 1071
1069 1073 1070
1070 1074 1071
1071 1075
1072 1076 1073 1075
1073 1077 1074
1074 1078 1075
1075 1079
1076 1080 1077 1079
1077 1081 1078
1078 1082 1079
1079 1083
1080 1084 1081 1083
1081 1085 1082
1082 1086 1083
1083 1087
1084 1088 1085 1087
1085 1089 1086
1086 1090 1087
1087 1091
1088 1092 1089 1091
1089 1093 1090
1090 1094 1091
1091 1095
1092 1096 1093 1095
1093 1097 1094
1094 1098 1095
1095 1099
1096 1100 1097 1099
1097 1101 1098
1098 1102 1099
1099 1103
1100 1104 1101 1103
1101 1105 1102
1102 1106 1103
1103 1107
1104 1108 1105 1107
1105 1109 1106
1106 1110 1107
1107 1111
1108 1112 1109 1111
1109 1113 1110
1110 1114 1111
1111 1115
1112 1116 1113 1115
1113 1117 1114
1114 1118 1115
1115 1119
1116 1120 1117 1119
1117 1121 1118
1118 1122 1119
1119 1123
1120 1124 1121 1123
1121 1125 1122
1122 1126 1123
1123 1127
1124 1128 1125 1127
1125 1129 1126
1126 1130 1127
1127 1131
1128 1132 1129 1131
1129 1133 1130
1130 1134 1131
1131 1135
1132 1136 1133 1135
1133 1137 1134
1134 1138 1135
1135 1139
1136 1140 1137 1139
1137 1141 1138
1138 1142 1139
1139 1143
1140 1144 1141 1143
1141 1145 1142
1142 1146 1143
1143 1147
1144 1148 1145 1147
1145 1149 1146
1146 1150 1147
1147 1151
1148 1152 1149 1151
1149 1153 1150
1150 1154 1151
1151 1155
1152 1156 1153 1155
1153 1157 1154
1154 1158 1155
1155 1159
1156 1160 1157 1159
1157 1161 1158
1158 1162 1159
1159 1163
1160 1164 1161 1163
1161 1165 1162
1162 1166 1163
1163 1167
1164 1168 1165 1167
1165 1169 1166
1166 1170 1167
1167 1171
1168 1172 1169 1171
1169 1173 1170
1170 1174 1171
1171 1175
1172 1176 1173 1175
1173 1177 1174
1174 1178 1175
1175 1179
1176 1180 1177 1179
1177 1181 1178
1178 1182 1179
1179 1183
1180 1184 1181 1183
1181 1185 1182
1182 1186 1183
1183 1187
1184 1188 1185 1187
1185 1189 1186
1186 1190 1187
1187 1191
1188 1192 1189 1191
1189 1193 1190
1190 1194 1191
1191 1195
1192 1196 1193 1195
1193 1197 1194
1194 1198 1195
1195 1199
1196 1200 1197 1199
1197 1201 1198
1198 1202 1199
1199 1203
1200 1204 1201 1203
1201 1205 1202
1202 1206 1203
1203 1207
1204 1208 1205 1207
1205 1209 1206
1206 1210 1207
1207 1211
1208 1212 1209 1211
1209 1213 1210
1210 1214 1211
1211 1215
1212 1216 1213 1215
1213 1217 1214
1214 1218 1215
1215 1219
1216 1220 1217 1219
1217 1221 1218
1218 1222 1219
1219 1223
1220 1224 1221 1223
1221 1225 1222
1222 1226 1223
1223 1227
1224 1228 1225 1227
1225 1229 1226
1226 1230 1227
1227 1231
1228 1232 1229 1231
1229 1233 1230
1230 1234 1231
1231 1235
1232 1236 1233 1235
1233 1237 1234
1234 1238 1235
1235 1239
1236 1240 1237 1239
1237 1241 1238
1238 1242 1239
1239 1243
1240 1244 1241 1243
1241 1245 1242
1242 1246 1243
1243 1247
1244 1248 1245 1247
1245 1249 1246
1246 1250 1247
1247 1251
1248 1252 1249 1251
1249 1253 1250
1250 1254 1251
1251 1255
1252 1256 1253 1255
1253 1257 1254
1254 1258 1255
1255 1259
1256 1260 1257 1259
1257 1261 1258
1258 1262 1259
1259 1263
1260 1264 1261 1263
1261 1265 1262
1262 1266 1263
1263 1267
1264 1268 1265 1267
1265 1269 1266
1266 1270 1267
1267 1271
1268 1272 1269 1271
1269 1273 1270
1270 1274 1271
1271 1275
1272 1276 1273 1275
1273 1277 1274
1274 1278 1275
1275 1279
1276 1280 1277 1279
1277 1281 1278
1278 1282 1279
1279 1283
1280 1284 1281 1283
1281 1285 1282
1282 1286 1283
1283 1287
1284 1288 1285 1287
1285 1289 1286
1286 1290 1287
1287 1291
1288 1292 1289 1291
1289 1293 1290
1290 1294 1291
1291 1295
1292 1296 1293 1295
1293 1297 1294
1294 1298 1295
1295 1299
1296 1300 1297 1299
1297 1301 1298
1298 1302 1299
1299 1303
1300 1304 1301 1303
1301 1305 1302
1302 1306 1303
1303 1307
1304 1308 1305 1307
1305 1309 1306
1306 1310 1307
1307 1311
1308 1312 1309 1311
1309 1313 1310
1310 1314 1311
1311 1315
1312 1316 1313 1315
1313 1317 1314
1314 1318 1315
1315 1319
1316 1320 1317 1319
1317 1321 1318
1318 1322 1319
1319 1323
1320 1324 1321 1323
1321 1325 1322
1322 1326 1323
1323 1327
1324 1328 1325 1327
1325 1329 1326
1326 1330 1327
1327 1331
1328 1332 1329 1331
1329 1333 1330
1330 1334 1331
1331 1335
1332 1336 1333 1335
1333 1337 1334
1334 1338 1335
1335 1339
1336 1340 1337 1339
1337 1341 1338
1338 1342 1339
1339 1343
1340 1344 1341 1343
1341 1345 1342
1342 1346 1343
1343 1347
1344 1348 1345 1347
1345 1349 1346
1346 1350 1347
1347 1351
1348 1352 1349 1351
1349 1353 1350
1350 1354 1351
1351 1355
1352 1356 1353 1355
1353 1357 1354
1354 1358 1355
1355 1359
1356 1360 1357 1359
1357 1361 1358
1358 1362 1359
1359 1363
1360 1364 1361 1363
1361 1365 1362
1362 1366 1363
1363 1367
1364 1368 1365 1367
1365 1369 1366
1366 1370 1367
1367 1371
1368 1372 1369 1371
1369 1373 1370
1370 1374 1371
1371 1375
1372 1376 1373 1375
1373 1377 1374
1374 1378 1375
1375 1379
1376 1380 1377 1379
1377 1381 1378
1378 1382 1379
1379 1383
1380 1384 1381 1383
1381 1385 1382
1382 1386 1383
1383 1387
1384 1388 1385 1387
1385 1389 1386
1386 1390 1387
1387 1391
1388 1392 1389 1391
1389 1393 1390
1390 1394 1391
1391 1395
1392 1396 1393 1395
1393 1397 1394
1394 1398 1395
1395 1399
1396 1400 1397 1399
1397 1401 1398
1398 1402 1399
1399 1403
1400 1404 1401 1403
1401 1405 1402
1402 1406 1403
1403 1407
1404 1408 1405 1407
1405 1409 1406
1406 1410 1407
1407 1411
1408 1412 1409 1411
1409 1413 1410
1410 1414 1411
1411 1415
1412 1416 1413 1415
1413 1417 1414
1414 1418 1415
1415 1419
1416 1420 1417 1419
1417 1421 1418
1418 1422 1419
1419 1423
1420 1424 1421 1423
1421 1425 1422
1422 1426 1423
1423 1427
1424 1428 1425 1427
1425 1429 1426
1426 1430 1427
1427 1431
1428 1432 1429 1431
1429 1433 1430
1430 1434 1431
1431 1435
1432 1436 1433 1435
1433 1437 1434
1434 1438 1435
1435 1439
1436 1440 1437 1439
1437 1441 1438
1438 1442 1439
1439 1443
1440 1444 1441 1443
1441 1445 1442
1442 1446 1443
1443 1447
1444 1448 1445 1447
1445 1449 1446
1446 1450 1447
1447 1451
1448 1452 1449 1451
1449 1453 1450
1450 1454 1451
1451 1455
1452 1456 1453 1455
1453 1457 1454
1454 1458 1455
1455 1459
1456 1460 1457 1459
1457 1461 1458
1458 1462 1459
1459 1463
1460 1464 1461 1463
1461 1465 1462
1462 1466 1463
1463 1467
1464 1468 1465 1467
1465 1469 1466
1466 1470 1467
1467 1471
1468 1472 1469 1471
1469 1473 1470
1470 1474 1471
1471 1475
1472 1476 1473 1475
1473 1477 1474
1474 1478 1475
1475 1479
1476 1480 1477 1479
1477 1481 1478
1478 1482 1479
1479 1483
1480 1484 1481 1483
1481 1485 1482
1482 1486 1483
1483 1487
1484 1488 1485 1487
1485 1489 1486
1486 1490 1487
1487 1491
1488 1492 1489 1491
1489 1493 1490
1490 1494 1491
1491 1495
1492 1496 1493 1495
1493 1497 1494
1494 1498 1495
1495 1499
1496 1500 1497 1499
1497 1501 1498
1498 1502 1499
1499 1503
1500 1504 1501 1503
1501 1505 1502
1502 1506 1503
1503 1507
1504 1508 1505 1507
1505 1509 1506
1506 1510 1507
1507 1511
1508 1512 1509 1511
1509 1513 1510
1510 1514 1511
1511 1515
1512 1516 1513 1515
1513 1517 1514
1514 1518 1515
1515 1519
1516 1520 1517 1519
1517 1521 1518
1518 1522 1519
1519 1523
1520 1524 1521 1523
1521 1525 1522
1522 1526 1523
1523 1527
1524 1528 1525 1527
1525 1529 1526
1526 1530 1527
1527 1531
1528 1532 1529 1531
1529 1533 1530
1530 1534 1531
1531 1535
1532 1536 1533 1535
1533 1537 1534
1534 1538 1535
1535 1539
1536 1540 1537 1539
1537 1541 1538
1538 1542 1539
1539 1543
1540 1544 1541 1543
1541 1545 1542
1542 1546 1543
1543 1547
1544 1548 1545 1547
1545 1549 1546
1546 1550 1547
1547 1551
1548 1552 1549 1551
1549 1553 1550
1550 1554 1551
1551 1555
1552 1556 1553 1555
1553 1557 1554
1554 1558 1555
1555 1559
1556 1560 1557 1559
1557 1561 1558
1558 1562 1559
1559 1563
1560 1564 1561 1563
1561 1565 1562
1562 1566 1563
1563 1567
1564 1568 1565 1567
1565 1569 1566
1566 1570 1567
1567 1571
1568 1572 1569 1571
1569 1573 1570
1570 1574 1571
1571 1575
1572 1576 1573 1575
1573 1577 1574
1574 1578 1575
1575 1579
1576 1580 1577 1579
1577 1581 1578
1578 1582 1579
1579 1583
1580 1584 1581 1583
1581 1585 1582
1582 1586 1583
1583 1587
1584 1588 1585 1587
1585 1589 1586
1586 1590 1587
1587 1591
1588 1592 1589 1591
1589 1593 1590
1590 1594 1591
1591 1595
1592 1596 1593 1595
1593 1597 1594
1594 1598 1595
1595 1599
1596 1600 1597 1599
1597 1601 1598
1598 1602 1599
1599 1603
1600 1604 1601 1603
1601 1605 1602
1602 1606 1603
1603 1607
1604 1608 1605 1607
1605 1609 1606
1606 1610 1607
1607 1611
1608 1612 1609 1611
1609 1613 1610
1610 1614 1611
1611 1615
1612 1616 1613 1615
1613 1617 1614
1614 1618 1615
1615 1619
1616 1620 1617 1619
1617 1621 1618
1618 1622 1619
1619 1623
1620 1624 1621 1623
1621 1625 1622
1622 1626 1623
1623 1627
1624 1628 1625 1627
1625 1629 1626
1626 1630 1627
1627 1631
1628 1632 1629 1631
1629 1633 1630
1630 1634 1631
1631 1635
1632 1636 1633 1635
1633 1637 1634
1634 1638 1635
1635 1639
1636 1640 1637 1639
1637 1641 1638
1638 1642 1639
1639 1643
1640 1644 1641 1643
1641 1645 1642
1642 1646 1643
1643 1647
1644 1648 1645 1647
1645 1649 1646
1646 1650 1647
1647 1651
1648 1652 1649 1651
1649 1653 1650
1650 1654 1651
1651 1655
1652 1656 1653 1655
1653 1657 1654
1654 1658 1655
1655 1659
1656 1660 1657 1659
1657 1661 1658
1658 1662 1659
1659 1663
1660 1664 1661 1663
1661 1665 1662
1662 1666 1663
1663 1667
1664 1668 1665 1667
1665 1669 1666
1666 1670 1667
1667 1671
1668 1672 1669 1671
1669 1673 1670
1670 1674 1671
1671 1675
1672 1676 1673 1675
1673 1677 1674
1674 1678 1675
1675 1679
1676 1680 1677 1679
1677 1681 1678
1678 1682 1679
1679 1683
1680 1684 1681 1683
1681 1685 1682
1682 1686 1683
1683 1687
1684 1688 1685 1687
1685 1689 1686
1686 1690 1687
1687 1691
1688 1692 1689 1691
1689 1693 1690
1690 1694 1691
1691 1695
1692 1696 1693 1695
1693 1697 1694
1694 1698 1695
1695 1699
1696 1700 1697 1699
1697 1701 1698
1698 1702 1699
1699 1703
1700 1704 1701 1703
1701 1705 1702
1702 1706 1703
1703 1707
1704 1708 1705 1707
1705 1709 1706
1706 1710 1707
1707 1711
1708 1712 1709 1711
1709 1713 1710
1710 1714 1711
1711 1715
1712 1716 1713 1715
1713 1717 1714
1714 1718 1715
1715 1719
1716 1720 1717 1719
1717 1721 1718
1718 1722 1719
1719 1723
1720 1724 1721 1723
1721 1725 1722
1722 1726 1723
1723 1727
1724 1728 1725 1727
1725 1729 1726
1726 1730 1727
1727 1731
1728 1732 1729 1731
1729 1733 1730
1730 1734 1731
1731 1735
1732 1736 1733 1735
1733 1737 1734
1734 1738 1735
1735 1739
1736 1740 1737 1739
1737 1741 1738
1738 1742 1739
1739 1743
1740 1744 1741 1743
1741 1745 1742
1742 1746 1743
1743 1747
1744 1748 1745 1747
1745 1749 1746
1746 1750 1747
1747 1751
1748 1752 1749 1751
1749 1753 1750
1750 1754 1751
1751 1755
1752 1756 1753 1755
1753 1757 1754
1754 1758 1755
1755 1759
1756 1760 1757 1759
1757 1761 1758
1758 1762 1759
1759 1763
1760 1764 1761 1763
1761 1765 1762
1762 1766 1763
1763 1767
1764 1768 1765 1767
1765 1769 1766
1766 1770 1767
1767 1771
1768 1772 1769 1771
1769 1773 1770
1770 1774 1771
1771 1775
1772 1776 1773 1775
1773 1777 1774
1774 1778 1775
1775 1779
1776 1780 1777 1779
1777 1781 1778
1778 1782 1779
1779 1783
1780 1784 1781 1783
1781 1785 1782
1782 1786 1783
1783 1787
1784 1788 1785 1787
1785 1789 1786
1786 1790 1787
1787 1791
1788 1792 1789 1791
1789 1793 1790
1790 1794 1791
1791 1795
1792 1796 1793 1795
1793 1797 1794
1794 1798 1795
1795 1799
1796 1800 1797 1799
1797 1801 1798
1798 1802 1799
1799 1803
1800 1804 1801 1803
1801 1805 1802
1802 1806 1803
1803 1807
1804 1808 1805 1807
1805 1809 1806
1806 1810 1807
1807 1811
1808 1812 1809 1811
1809 1813 1810
1810 1814 1811
1811 1815
1812 1816 1813 1815
1813 1817 1814
1814 1818 1815
1815 1819
1816 1820 1817 1819
1817 1821 1818
1818 1822 1819
1819 1823
1820 1824 1821 1823
1821 1825 1822
1822 1826 1823
1823 1827
1824 1828 1825 1827
1825 1829 1826
1826 1830 1827
1827 1831
1828 1832 1829 1831
1829 1833 1830
1830 1834 1831
1831 1835
1832 1836 1833 1835
1833 1837 1834
1834 1838 1835
1835 1839
1836 1840 1837 1839
1837 1841 1838
1838 1842 1839
1839 1843
1840 1844 1841 1843
1841 1845 1842
1842 1846 1843
1843 1847
1844 1848 1845 1847
1845 1849 1846
1846 1850 1847
1847 1851
1848 1852 1849 1851
1849 1853 1850
1850 1854 1851
1851 1855
1852 1856 1853 1855
1853 1857 1854
1854 1858 1855
1855 1859
1856 1860 1857 1859
1857 1861 1858
1858 1862 1859
1859 1863
1860 1864 1861 1863
1861 1865 1862
1862 1866 1863
1863 1867
1864 1868 1865 1867
1865 1869 1866
1866 1870 1867
1867 1871
1868 1872 1869 1871
1869 1873 1870
1870 1874 1871
1871 1875
1872 1876 1873 1875
1873 1877 1874
1874 1878 1875
1875 1879
1876 1880 1877 1879
1877 1881 1878
1878 1882 1879
1879 1883
1880 1884 1881 1883
1881 1885 1882
1882 1886 1883
1883 1887
1884 1888 1885 1887
1885 1889 1886
1886 1890 1887
1887 1891
1888 1892 1889 1891
1889 1893 1890
1890 1894 1891
1891 1895
1892 1896 1893 1895
1893 1897 1894
1894 1898 1895
1895 1899
1896 1900 1897 1899
1897 1901 1898
1898 1902 1899
1899 1903
1900 1904 1901 1903
1901 1905 1902
1902 1906 1903
1903 1907
1904 1908 1905 1907
1905 1909 1906
1906 1910 1907
1907 1911
1908 1912 1909 1911
1909 1913 1910
1910 1914 1911
1911 1915
1912 1916 1913 1915
1913 1917 1914
1914 1918 1915
1915 1919
1916 1920 1917 1919
1917 1921 1918
1918 1922 1919
1919 1923
1920 1924 1921 1923
1921 1925 1922
1922 1926 1923
1923 1927
1924 1928 1925 1927
1925 1929 1926
1926 1930 1927
1927 1931
1928 1932 1929 1931
1929 1933 1930
1930 1934 1931
1931 1935
1932 1936 1933 1935
1933 1937 1934
1934 1938 1935
1935 1939
1936 1940 1937 1939
1937 1941 1938
1938 1942 1939
1939 1943
1940 1944 1941 1943
1941 1945 1942
1942 1946 1943
1943 1947
1944 1948 1945 1947
1945 1949 1946
1946 1950 1947
1947 1951
1948 1952 1949 1951
1949 1953 1950
1950 1954 1951
1951 1955
1952 1956 1953 1955
1953 1957 1954
1954 1958 1955
1955 1959
1956 1960 1957 1959
1957 1961 1958
1958 1962 1959
1959 1963
1960 1964 1961 1963
1961 1965 1962
1962 1966 1963
1963 1967
1964 1968 1965 1967
1965 1969 1966
1966 1970 1967
1967 1971
1968 1972 1969 1971
1969 1973 1970
1970 1974 1971
1971 1975
1972 1976 1973 1975
1973 1977 1974
1974 1978 1975
1975 1979
1976 1980 1977 1979
1977 1981 1978
1978 1982 1979
1979 1983
1980 1984 1981 1983
1981 1985 1982
1982 1986 1983
1983 1987
1984 1988 1985 1987
1985 1989 1986
1986 1990 1987
1987 1991
1988 1992 1989 1991
1989 1993 1990
1990 1994 1991
1991 1995
1992 1996 1993 1995
1993 1997 1994
1994 1998 1995
1995 1999
1996 2000 1997 1999
1997 2001 1998
1998 2002 1999
1999 2003
2000 2004 2001 2003
2001 2005 2002
2002 2006 2003
2003 2007
2004 2008 2005 2007
2005 2009 2006
2006 2010 2007
2007 2011
2008 2012 2009 2011
2009 2013 2010
2010 2014 2011
2011 2015
2012 2016 2013 2015
2013 2017 2014
2014 2018 2015
2015 2019
2016 2020 2017 2019
2017 2021 2018
2018 2022 2019
2019 2023
2020 2024 2021 2023
2021 2025 2022
2022 2026 2023
2023 2027
2024 2028 2025 2027
2025 2029 2026
2026 2030 2027
2027 2031
2028 2032 2029 2031
2029 2033 2030
2030 2034 2031
2031 2035
2032 2036 2033 2035
2033 2037 2034
2034 2038 2035
2035 2039
2036 2040 2037 2039
2037 2041 2038
2038 2042 2039
2039 2043
2040 2044 2041 2043
2041 2045 2042
2042 2046 2043
2043 2047
2044 2048 2045 2047
2045 2049 2046
2046 2050 2047
2047 2051
2048 2052 2049 2051
2049 2053 2050
2050 2054 2051
2051 2055
2052 2056 2053 2055
2053 2057 2054
2054 2058 2055
2055 2059
2056 2060 2057 2059
2057 2061 2058
2058 2062 2059
2059 2063
2060 2064 2061 2063
2061 2065 2062
2062 2066 2063
2063 2067
2064 2068 2065 2067
2065 2069 2066
2066 2070 2067
2067 2071
2068 2072 2069 2071
2069 2073 2070
2070 2074 2071
2071 2075
2072 2076 2073 2075
2073 2077 2074
2074 2078 2075
2075 2079
2076 2080 2077 2079
2077 2081 2078
2078 2082 2079
2079 2083
2080 2084 2081 2083
2081 2085 2082
2082 2086 2083
2083 2087
2084 2088 2085 2087
2085 2089 2086
2086 2090 2087
2087 2091
2088 2092 2089 2091
2089 2093 2090
2090 2094 2091
2091 2095
2092 2096 2093 2095
2093 2097 2094
2094 2098 2095
2095 2099
2096 2100 2097 2099
2097 2101 2098
2098 2102 2099
2099 2103
2100 2104 2101 2103
2101 2105 2102
2102 2106 2103
2103 2107
2104 2108 2105 2107
2105 2109 2106
2106 2110 2107
2107 2111
2108 2112 2109 2111
2109 2113 2110
2110 2114 2111
2111 2115
2112 2116 2113 2115
2113 2117 2114
2114 2118 2115
2115 2119
2116 2120 2117 2119
2117 2121 2118
2118 2122 2119
2119 2123
2120 2124 2121 2123
2121 2125 2122
2122 2126 2123
2123 2127
2124 2128 2125 2127
2125 2129 2126
2126 2130 2127
2127 2131
2128 2132 2129 2131
2129 2133 2130
2130 2134 2131
2131 2135
2132 2136 2133 2135
2133 2137 2134
2134 2138 2135
2135 2139
2136 2140 2137 2139
2137 2141 2138
2138 2142 2139
2139 2143
2140 2144 2141 2143
2141 2145 2142
2142 2146 2143
2143 2147
2144 2148 2145 2147
2145 2149 2146
2146 2150 2147
2147 2151
2148 2152 2149 2151
2149 2153 2150
2150 2154 2151
2151 2155
2152 2156 2153 2155
2153 2157 2154
2154 2158 2155
2155 2159
2156 2160 2157 2159
2157 2161 2158
2158 2162 2159
2159 2163
2160 2164 2161 2163
2161 2165 2162
2162 2166 2163
2163 2167
2164 2168 2165 2167
2165 2169 2166
2166 2170 2167
2167 2171
2168 2172 2169 2171
2169 2173 2170
2170 2174 2171
2171 2175
2172 2176 2173 2175
2173 2177 2174
2174 2178 2175
2175 2179
2176 2180 2177 2179
2177 2181 2178
2178 2182 2179
2179 2183
2180 2184 2181 2183
2181 2185 2182
2182 2186 2183
2183 2187
2184 2188 2185 2187
2185 2189 2186
2186 2190 2187
2187 2191
2188 2192 2189 2191
2189 2193 2190
2190 2194 2191
2191 2195
2192 2196 2193 2195
2193 2197 2194
2194 2198 2195
2195 2199
2196 2200 2197 2199
2197 2201 2198
2198 2202 2199
2199 2203
2200 2204 2201 2203
2201 2205 2202
2202 2206 2203
2203 2207
2204 2208 2205 2207
2205 2209 2206
2206 2210 2207
2207 2211
2208 2212 2209 2211
2209 2213 2210
2210 2214 2211
2211 2215
2212 2216 2213 2215
2213 2217 2214
2214 2218 2215
2215 2219
2216 2220 2217 2219
2217 2221 2218
2218 2222 2219
2219 2223
2220 2224 2221 2223
2221 2225 2222
2222 2226 2223
2223 2227
2224 2228 2225 2227
2225 2229 2226
2226 2230 2227
2227 2231
2228 2232 2229 2231
2229 2233 2230
2230 2234 2231
2231 2235
2232 2236 2233 2235
2233 2237 2234
2234 2238 2235
2235 2239
2236 2240 2237 2239
2237 2241 2238
2238 2242 2239
2239 2243
2240 2244 2241 2243
2241 2245 2242
2242 2246 2243
2243 2247
2244 2248 2245 2247
2245 2249 2246
2246 2250 2247
2247 2251
2248 2252 2249 2251
2249 2253 2250
2250 2254 2251
2251 2255
2252 2256 2253 2255
2253 2257 2254
2254 2258 2255
2255 2259
2256 2260 2257 2259
2257 2261 2258
2258 2262 2259
2259 2263
2260 2264 2261 2263
2261 2265 2262
2262 2266 2263
2263 2267
2264 2268 2265 2267
2265 2269 2266
2266 2270 2267
2267 2271
2268 2272 2269 2271
2269 2273 2270
2270 2274 2271
2271 2275
2272 2276 2273 2275
2273 2277 2274
2274 2278 2275
2275 2279
2276 2280 2277 2279
2277 2281 2278
2278 2282 2279
2279 2283
2280 2284 2281 2283
2281 2285 2282
2282 2286 2283
2283 2287
2284 2288 2285 2287
2285 2289 2286
2286 2290 2287
2287 2291
2288 2292 2289 2291
2289 2293 2290
2290 2294 2291
2291 2295
2292 2296 2293 2295
2293 2297 2294
2294 2298 2295
2295 2299
2296 2300 2297 2299
2297 2301 2298
2298 2302 2299
2299 2303
2300 2304 2301 2303
2301 2305 2302
2302 2306 2303
2303 2307
2304 2308 2305 2307
2305 2309 2306
2306 2310 2307
2307 2311
2308 2312 2309 2311
2309 2313 2310
2310 2314 2311
2311 2315
2312 2316 2313 2315
2313 2317 2314
2314 2318 2315
2315 2319
2316 2320 2317 2319
2317 2321 2318
2318 2322 2319
2319 2323
2320 2324 2321 2323
2321 2325 2322
2322 2326 2323
2323 2327
2324 2328 2325 2327
2325 2329 2326
2326 2330 2327
2327 2331
2328 2332 2329 2331
2329 2333 2330
2330 2334 2331
2331 2335
2332 2336 2333 2335
2333 2337 2334
2334 2338 2335
2335 2339
2336 2340 2337 2339
2337 2341 2338
2338 2342 2339
2339 2343
2340 2344 2341 2343
2341 2345 2342
2342 2346 2343
2343 2347
2344 2348 2345 2347
2345 2349 2346
2346 2350 2347
2347 2351
2348 2352 2349 2351
2349 2353 2350
2350 2354 2351
2351 2355
2352 2356 2353 2355
2353 2357 2354
2354 2358 2355
2355 2359
2356 2360 2357 2359
2357 2361 2358
2358 2362 2359
2359 2363
2360 2364 2361 2363
2361 2365 2362
2362 2366 2363
2363 2367
2364 2368 2365 2367
2365 2369 2366
2366 2370 2367
2367 2371
2368 2372 2369 2371
2369 2373 2370
2370 2374 2371
2371 2375
2372 2376 2373 2375
2373 2377 2374
2374 2378 2375
2375 2379
2376 2380 2377 2379
2377 2381 2378
2378 2382 2379
2379 2383
2380 2384 2381 2383
2381 2385 2382
2382 2386 2383
2383 2387
2384 2388 2385 2387
2385 2389 2386
2386 2390 2387
2387 2391
2388 2392 2389 2391
2389 2393 2390
2390 2394 2391
2391 2395
2392 2396 2393 2395
2393 2397 2394
2394 2398 2395
2395 2399
2396 2400 2397 2399
2397 2401 2398
2398 2402 2399
2399 2403
2400 2404 2401 2403
2401 2405 2402
2402 2406 2403
2403 2407
2404 2408 2405 2407
2405 2409 2406
2406 2410 2407
2407 2411
2408 2412 2409 2411
2409 2413 2410
2410 2414 2411
2411 2415
2412 2416 2413 2415
2413 2417 2414
2414 2418 2415
2415 2419
2416 2420 2417 2419
2417 2421 2418
2418 2422 2419
2419 2423
2420 2424 2421 2423
2421 2425 2422
2422 2426 2423
2423 2427
2424 2428 2425 2427
2425 2429 2426
2426 2430 2427
2427 2431
2428 2432 2429 2431
2429 2433 2430
2430 2434 2431
2431 2435
2432 2436 2433 2435
2433 2437 2434
2434 2438 2435
2435 2439
2436 2440 2437 2439
2437 2441 2438
2438 2442 2439
2439 2443
2440 2444 2441 2443
2441 2445 2442
2442 2446 2443
2443 2447
2444 2448 2445 2447
2445 2449 2446
2446 2450 2447
2447 2451
2448 2452 2449 2451
2449 2453 2450
2450 2454 2451
2451 2455
2452 2456 2453 2455
2453 2457 2454
2454 2458 2455
2455 2459
2456 2460 2457 2459
2457 2461 2458
2458 2462 2459
2459 2463
2460 2464 2461 2463
2461 2465 2462
2462 2466 2463
2463 2467
2464 2468 2465 2467
2465 2469 2466
2466 2470 2467
2467 2471
2468 2472 2469 2471
2469 2473 2470
2470 2474 2471
2471 2475
2472 2476 2473 2475
2473 2477 2474
2474 2478 2475
2475 2479
2476 2480 2477 2479
2477 2481 2478
2478 2482 2479
2479 2483
2480 2484 2481 2483
2481 2485 2482
2482 2486 2483
2483 2487
2484 2488 2485 2487
2485 2489 2486
2486 2490 2487
2487 2491
2488 2492 2489 2491
2489 2493 2490
2490 2494 2491
2491 2495
2492 2496 2493 2495
2493 2497 2494
2494 2498 2495
2495 2499
2496 2500 2497 2499
2497 2501 2498
2498 2502 2499
2499 2503
2500 2504 2501 2503
2501 2505 2502
2502 2506 2503
2503 2507
2504 2508 2505 2507
2505 2509 2506
2506 2510 2507
2507 2511
2508 2512 2509 2511
2509 2513 2510
2510 2514 2511
2511 2515
2512 2516 2513 2515
2513 2517 2514
2514 2518 2515
2515 2519
2516 2520 2517 2519
2517 2521 2518
2518 2522 2519
2519 2523
2520 2524 2521 2523
2521 2525 2522
2522 2526 2523
2523 2527
2524 2528 2525 2527
2525 2529 2526
2526 2530 2527
2527 2531
2528 2532 2529 2531
2529 2533 2530
2530 2534 2531
2531 2535
2532 2536 2533 2535
2533 2537 2534
2534 2538 2535
2535 2539
2536 2540 2537 2539
2537 2541 2538
2538 2542 2539
2539 2543
2540 2544 2541 2543
2541 2545 2542
2542 2546 2543
2543 2547
2544 2548 2545 2547
2545 2549 2546
2546 2550 2547
2547 2551
2548 2552 2549 2551
2549 2553 2550
2550 2554 2551
2551 2555
2552 2556 2553 2555
2553 2557 2554
2554 2558 2555
2555 2559
2556 2560 2557 2559
2557 2561 2558
2558 2562 2559
2559 2563
2560 2564 2561 2563
2561 2565 2562
2562 2566 2563
2563 2567
2564 2568 2565 2567
2565 2569 2566
2566 2570 2567
2567 2571
2568 2572 2569 2571
2569 2573 2570
2570 2574 2571
2571 2575
2572 2576 2573 2575
2573 2577 2574
2574 2578 2575
2575 2579
2576 2580 2577 2579
2577 2581 2578
2578 2582 2579
2579 2583
2580 2584 2581 2583
2581 2585 2582
2582 2586 2583
2583 2587
2584 2588 2585 2587
2585 2589 2586
2586 2590 2587
2587 2591
2588 2592 2589 2591
2589 2593 2590
2590 2594 2591
2591 2595
2592 2596 2593 2595
2593 2597 2594
2594 2598 2595
2595 2599
2596 2600 2597 2599
2597 2601 2598
2598 2602 2599
2599 2603
2600 2604 2601 2603
2601 2605 2602
2602 2606 2603
2603 2607
2604 2608 2605 2607
2605 2609 2606
2606 2610 2607
2607 2611
2608 2612 2609 2611
2609 2613 2610
2610 2614 2611
2611 2615
2612 2616 2613 2615
2613 2617 2614
2614 2618 2615
2615 2619
2616 2620 2617 2619
2617 2621 2618
2618 2622 2619
2619 2623
2620 2624 2621 2623
2621 2625 2622
2622 2626 2623
2623 2627
2624 2628 2625 2627
2625 2629 2626
2626 2630 2627
2627 2631
2628 2632 2629 2631
2629 2633 2630
2630 2634 2631
2631 2635
2632 2636 2633 2635
2633 2637 2634
2634 2638 2635
2635 2639
2636 2640 2637 2639
2637 2641 2638
2638 2642 2639
2639 2643
2640 2644 2641 2643
2641 2645 2642
2642 2646 2643
2643 2647
2644 2648 2645 2647
2645 2649 2646
2646 2650 2647
2647 2651
2648 2652 2649 2651
2649 2653 2650
2650 2654 2651
2651 2655
2652 2656 2653 2655
2653 2657 2654
2654 2658 2655
2655 2659
2656 2660 2657 2659
2657 2661 2658
2658 2662 2659
2659 2663
2660 2664 2661 2663
2661 2665 2662
2662 2666 2663
2663 2667
2664 2668 2665 2667
2665 2669 2666
2666 2670 2667
2667 2671
2668 2672 2669 2671
2669 2673 2670
2670 2674 2671
2671 2675
2672 2676 2673 2675
2673 2677 2674
2674 2678 2675
2675 2679
2676 2680 2677 2679
2677 2681 2678
2678 2682 2679
2679 2683
2680 2684 2681 2683
2681 2685 2682
2682 2686 2683
2683 2687
2684 2688 2685 2687
2685 2689 2686
2686 2690 2687
2687 2691
2688 2692 2689 2691
2689 2693 2690
2690 2694 2691
2691 2695
2692 2696 2693 2695
2693 2697 2694
2694 2698 2695
2695 2699
2696 2700 2697 2699
2697 2701 2698
2698 2702 2699
2699 2703
2700 2704 2701 2703
2701 2705 2702
2702 2706 2703
2703 2707
2704 2708 2705 2707
2705 2709 2706
2706 2710 2707
2707 2711
2708 2712 2709 2711
2709 2713 2710
2710 2714 2711
2711 2715
2712 2716 2713 2715
2713 2717 2714
2714 2718 2715
2715 2719
2716 2720 2717 2719
2717 2721 2718
2718 2722 2719
2719 2723
2720 2724 2721 2723
2721 2725 2722
2722 2726 2723
2723 2727
2724 2728 2725 2727
2725 2729 2726
2726 2730 2727
2727 2731
2728 2732 2729 2731
2729 2733 2730
2730 2734 2731
2731 2735
2732 2736 2733 2735
2733 2737 2734
2734 2738 2735
2735 2739
2736 2740 2737 2739
2737 2741 2738
2738 2742 2739
2739 2743
2740 2744 2741 2743
2741 2745 2742
2742 2746 2743
2743 2747
2744 2748 2745 2747
2745 2749 2746
2746 2750 2747
2747 2751
2748 2752 2749 2751
2749 2753 2750
2750 2754 2751
2751 2755
2752 2756 2753 2755
2753 2757 2754
2754 2758 2755
2755 2759
2756 2760 2757 2759
2757 2761 2758
2758 2762 2759
2759 2763
2760 2764 2761 2763
2761 2765 2762
2762 2766 2763
2763 2767
2764 2768 2765 2767
2765 2769 2766
2766 2770 2767
2767 2771
2768 2772 2769 2771
2769 2773 2770
2770 2774 2771
2771 2775
2772 2776 2773 2775
2773 2777 2774
2774 2778 2775
2775 2779
2776 2780 2777 2779
2777 2781 2778
2778 2782 2779
2779 2783
2780 2784 2781 2783
2781 2785 2782
2782 2786 2783
2783 2787
2784 2788 2785 2787
2785 2789 2786
2786 2790 2787
2787 2791
2788 2792 2789 2791
2789 2793 2790
2790 2794 2791
2791 2795
2792 2796 2793 2795
2793 2797 2794
2794 2798 2795
2795 2799
2796 2800 2797 2799
2797 2801 2798
2798 2802 2799
2799 2803
2800 2804 2801 2803
2801 2805 2802
2802 2806 2803
2803 2807
2804 2808 2805 2807
2805 2809 2806
2806 2810 2807
2807 2811
2808 2812 2809 2811
2809 2813 2810
2810 2814 2811
2811 2815
2812 2816 2813 2815
2813 2817 2814
2814 2818 2815
2815 2819
2816 2820 2817 2819
2817 2821 2818
2818 2822 2819
2819 2823
2820 2824 2821 2823
2821 2825 2822
2822 2826 2823
2823 2827
2824 2828 2825 2827
2825 2829 2826
2826 2830 2827
2827 2831
2828 2832 2829 2831
2829 2833 2830
2830 2834 2831
2831 2835
2832 2836 2833 2835
2833 2837 2834
2834 2838 2835
2835 2839
2836 2840 2837 2839
2837 2841 2838
2838 2842 2839
2839 2843
2840 2844 2841 2843
2841 2845 2842
2842 2846 2843
2843 2847
2844 2848 2845 2847
2845 2849 2846
2846 2850 2847
2847 2851
2848 2852 2849 2851
2849 2853 2850
2850 2854 2851
2851 2855
2852 2856 2853 2855
2853 2857 2854
2854 2858 2855
2855 2859
2856 2860 2857 2859
2857 2861 2858
2858 2862 2859
2859 2863
2860 2864 2861 2863
2861 2865 2862
2862 2866 2863
2863 2867
2864 2868 2865 2867
2865 2869 2866
2866 2870 2867
2867 2871
2868 2872 2869 2871
2869 2873 2870
2870 2874 2871
2871 2875
2872 2876 2873 2875
2873 2877 2874
2874 2878 2875
2875 2879
2876 2880 2877 2879
2877 2881 2878
2878 2882 2879
2879 2883
2880 2884 2881 2883
2881 2885 2882
2882 2886 2883
2883 2887
2884 2888 2885 2887
2885 2889 2886
2886 2890 2887
2887 2891
2888 2892 2889 2891
2889 2893 2890
2890 2894 2891
2891 2895
2892 2896 2893 2895
2893 2897 2894
2894 2898 2895
2895 2899
2896 2900 2897 2899
2897 2901 2898
2898 2902 2899
2899 2903
2900 2904 2901 2903
2901 2905 2902
2902 2906 2903
2903 2907
2904 2908 2905 2907
2905 2909 2906
2906 2910 2907
2907 2911
2908 2912 2909 2911
2909 2913 2910
2910 2914 2911
2911 2915
2912 2916 2913 2915
2913 2917 2914
2914 2918 2915
2915 2919
2916 2920 2917 2919
2917 2921 2918
2918 2922 2919
2919 2923
2920 2924 2921 2923
2921 2925 2922
2922 2926 2923
2923 2927
2924 2928 2925 2927
2925 2929 2926
2926 2930 2927
2927 2931
2928 2932 2929 2931
2929 2933 2930
2930 2934 2931
2931 2935
2932 2936 2933 2935
2933 2937 2934
2934 2938 2935
2935 2939
2936 2940 2937 2939
2937 2941 2938
2938 2942 2939
2939 2943
2940 2944 2941 2943
2941 2945 2942
2942 2946 2943
2943 2947
2944 2948 2945 2947
2945 2949 2946
2946 2950 2947
2947 2951
2948 2952 2949 2951
2949 2953 2950
2950 2954 2951
2951 2955
2952 2956 2953 2955
2953 2957 2954
2954 2958 2955
2955 2959
2956 2960 2957 2959
2957 2961 2958
2958 2962 2959
2959 2963
2960 2964 2961 2963
2961 2965 2962
2962 2966 2963
2963 2967
2964 2968 2965 2967
2965 2969 2966
2966 2970 2967
2967 2971
2968 2972 2969 2971
2969 2973 2970
2970 2974 2971
2971 2975
2972 2976 2973 2975
2973 2977 2974
2974 2978 2975
2975 2979
2976 2980 2977 2979
2977 2981 2978
2978 2982 2979
2979 2983
2980 2984 2981 2983
2981 2985 2982
2982 2986 2983
2983 2987
2984 2988 2985 2987
2985 2989 2986
2986 2990 2987
2987 2991
2988 2992 2989 2991
2989 2993 2990
2990 2994 2991
2991 2995
2992 2996 2993 2995
2993 2997 2994
2994 2998 2995
2995 2999
2996 3000 2997 2999
2997 3001 2998
2998 3002 2999
2999 3003
3000 3004 3001 3003
3001 3005 3002
3002 3006 3003
3003 3007
3004 3008 3005 3007
3005 3009 3006
3006 3010 3007
3007 3011
3008 3012 3009 3011
3009 3013 3010
3010 3014 3011
3011 3015
3012 3016 3013 3015
3013 3017 3014
3014 3018 3015
3015 3019
3016 3020 3017 3019
3017 3021 3018
3018 3022 3019
3019 3023
3020 3024 3021 3023
3021 3025 3022
3022 3026 3023
3023 3027
3024 3028 3025 3027
3025 3029 3026
3026 3030 3027
3027 3031
3028 3032 3029 3031
3029 3033 3030
3030 3034 3031
3031 3035
3032 3036 3033 3035
3033 3037 3034
3034 3038 3035
3035 3039
3036 3040 3037 3039
3037 3041 3038
3038 3042 3039
3039 3043
3040 3044 3041 3043
3041 3045 3042
3042 3046 3043
3043 3047
3044 3048 3045 3047
3045 3049 3046
3046 3050 3047
3047 3051
3048 3052 3049 3051
3049 3053 3050
3050 3054 3051
3051 3055
3052 3056 3053 3055
3053 3057 3054
3054 3058 3055
3055 3059
3056 3060 3057 3059
3057 3061 3058
3058 3062 3059
3059 3063
3060 3064 3061 3063
3061 3065 3062
3062 3066 3063
3063 3067
3064 3068 3065 3067
3065 3069 3066
3066 3070 3067
3067 3071
3068 3072 3069 3071
3069 3073 3070
3070 3074 3071
3071 3075
3072 3076 3073 3075
3073 3077 3074
3074 3078 3075
3075 3079
3076 3080 3077 3079
3077 3081 3078
3078 3082 3079
3079 3083
3080 3084 3081 3083
3081 3085 3082
3082 3086 3083
3083 3087
3084 3088 3085 3087
3085 3089 3086
3086 3090 3087
3087 3091
3088 3092 3089 3091
3089 3093 3090
3090 3094 3091
3091 3095
3092 3096 3093 3095
3093 3097 3094
3094 3098 3095
3095 3099
3096 3100 3097 3099
3097 3101 3098
3098 3102 3099
3099 3103
3100 3104 3101 3103
3101 3105 3102
3102 3106 3103
3103 3107
3104 3108 3105 3107
3105 3109 3106
3106 3110 3107
3107 3111
3108 3112 3109 3111
3109 3113 3110
3110 3114 3111
3111 3115
3112 3116 3113 3115
3113 3117 3114
3114 3118 3115
3115 3119
3116 3120 3117 3119
3117 3121 3118
3118 3122 3119
3119 3123
3120 3124 3121 3123
3121 3125 3122
3122 3126 3123
3123 3127
3124 3128 3125 3127
3125 3129 3126
3126 3130 3127
3127 3131
3128 3132 3129 3131
3129 3133 3130
3130 3134 3131
3131 3135
3132 3136 3133 3135
3133 3137 3134
3134 3138 3135
3135 3139
3136 3140 3137 3139
3137 3141 3138
3138 3142 3139
3139 3143
3140 3144 3141 3143
3141 3145 3142
3142 3146 3143
3143 3147
3144 3148 3145 3147
3145 3149 3146
3146 3150 3147
3147 3151
3148 3152 3149 3151
3149 3153 3150
3150 3154 3151
3151 3155
3152 3156 3153 3155
3153 3157 3154
3154 3158 3155
3155 3159
3156 3160 3157 3159
3157 3161 3158
3158 3162 3159
3159 3163
3160 3164 3161 3163
3161 3165 3162
3162 3166 3163
3163 3167
3164 3168 3165 3167
3165 3169 3166
3166 3170 3167
3167 3171
3168 3172 3169 3171
3169 3173 3170
3170 3174 3171
3171 3175
3172 3176 3173 3175
3173 3177 3174
3174 3178 3175
3175 3179
3176 3180 3177 3179
3177 3181 3178
3178 3182 3179
3179 3183
3180 3184 3181 3183
3181 3185 3182
3182 3186 3183
3183 3187
3184 3188 3185 3187
3185 3189 3186
3186 3190 3187
3187 3191
3188 3192 3189 3191
3189 3193 3190
3190 3194 3191
3191 3195
3192 3196 3193 3195
3193 3197 3194
3194 3198 3195
3195 3199
3196 3200 3197 3199
3197 3201 3198
3198 3202 3199
3199 3203
3200 3204 3201 3203
3201 3205 3202
3202 3206 3203
3203 3207
3204 3208 3205 3207
3205 3209 3206
3206 3210 3207
3207 3211
3208 3212 3209 3211
3209 3213 3210
3210 3214 3211
3211 3215
3212 3216 3213 3215
3213 3217 3214
3214 3218 3215
3215 3219
3216 3220 3217 3219
3217 3221 3218
3218 3222 3219
3219 3223
3220 3224 3221 3223
3221 3225 3222
3222 3226 3223
3223 3227
3224 3228 3225 3227
3225 3229 3226
3226 3230 3227
3227 3231
3228 3232 3229 3231
3229 3233 3230
3230 3234 3231
3231 3235
3232 3236 3233 3235
3233 3237 3234
3234 3238 3235
3235 3239
3236 3240 3237 3239
3237 3241 3238
3238 3242 3239
3239 3243
3240 3244 3241 3243
3241 3245 3242
3242 3246 3243
3243 3247
3244 3248 3245 3247
3245 3249 3246
3246 3250 3247
3247 3251
3248 3252 3249 3251
3249 3253 3250
3250 3254 3251
3251 3255
3252 3256 3253 3255
3253 3257 3254
3254 3258 3255
3255 3259
3256 3260 3257 3259
3257 3261 3258
3258 3262 3259
3259 3263
3260 3264 3261 3263
3261 3265 3262
3262 3266 3263
3263 3267
3264 3268 3265 3267
3265 3269 3266
3266 3270 3267
3267 3271
3268 3272 3269 3271
3269 3273 3270
3270 3274 3271
3271 3275
3272 3276 3273 3275
3273 3277 3274
3274 3278 3275
3275 3279
3276 3280 3277 3279
3277 3281 3278
3278 3282 3279
3279 3283
3280 3284 3281 3283
3281 3285 3282
3282 3286 3283
3283 3287
3284 3288 3285 3287
3285 3289 3286
3286 3290 3287
3287 3291
3288 3292 3289 3291
3289 3293 3290
3290 3294 3291
3291 3295
3292 3296 3293 3295
3293 3297 3294
3294 3298 3295
3295 3299
3296 3300 3297 3299
3297 3301 3298
3298 3302 3299
3299 3303
3300 3304 3301 3303
3301 3305 3302
3302 3306 3303
3303 3307
3304 3308 3305 3307
3305 3309 3306
3306 3310 3307
3307 3311
3308 3312 3309 3311
3309 3313 3310
3310 3314 3311
3311 3315
3312 3316 3313 3315
3313 3317 3314
3314 3318 3315
3315 3319
3316 3320 3317 3319
3317 3321 3318
3318 3322 3319
3319 3323
3320 3324 3321 3323
3321 3325 3322
3322 3326 3323
3323 3327
3324 3328 3325 3327
3325 3329 3326
3326 3330 3327
3327 3331
3328 3332 3329 3331
3329 3333 3330
3330 3334 3331
3331 3335
3332 3336 3333 3335
3333 3337 3334
3334 3338 3335
3335 3339
3336 3340 3337 3339
3337 3341 3338
3338 3342 3339
3339 3343
3340 3344 3341 3343
3341 3345 3342
3342 3346 3343
3343 3347
3344 3348 3345 3347
3345 3349 3346
3346 3350 3347
3347 3351
3348 3352 3349 3351
3349 3353 3350
3350 3354 3351
3351 3355
3352 3356 3353 3355
3353 3357 3354
3354 3358 3355
3355 3359
3356 3360 3357 3359
3357 3361 3358
3358 3362 3359
3359 3363
3360 3364 3361 3363
3361 3365 3362
3362 3366 3363
3363 3367
3364 3368 3365 3367
3365 3369 3366
3366 3370 3367
3367 3371
3368 3372 3369 3371
3369 3373 3370
3370 3374 3371
3371 3375
3372 3376 3373 3375
3373 3377 3374
3374 3378 3375
3375 3379
3376 3380 3377 3379
3377 3381 3378
3378 3382 3379
3379 3383
3380 3384 3381 3383
3381 3385 3382
3382 3386 3383
3383 3387
3384 3388 3385 3387
3385 3389 3386
3386 3390 3387
3387 3391
3388 3392 3389 3391
3389 3393 3390
3390 3394 3391
3391 3395
3392 3396 3393 3395
3393 3397 3394
3394 3398 3395
3395 3399
3396 3400 3397 3399
3397 3401 3398
3398 3402 3399
3399 3403
3400 3404 3401 3403
3401 3405 3402
3402 3406 3403
3403 3407
3404 3408 3405 3407
3405 3409 3406
3406 3410 3407
3407 3411
3408 3412 3409 3411
3409 3413 3410
3410 3414 3411
3411 3415
3412 3416 3413 3415
3413 3417 3414
3414 3418 3415
3415 3419
3416 3420 3417 3419
3417 3421 3418
3418 3422 3419
3419 3423
3420 3424 3421 3423
3421 3425 3422
3422 3426 3423
3423 3427
3424 3428 3425 3427
3425 3429 3426
3426 3430 3427
3427 3431
3428 3432 3429 3431
3429 3433 3430
3430 3434 3431
3431 3435
3432 3436 3433 3435
3433 3437 3434
3434 3438 3435
3435 3439
3436 3440 3437 3439
3437 3441 3438
3438 3442 3439
3439 3443
3440 3444 3441 3443
3441 3445 3442
3442 3446 3443
3443 3447
3444 3448 3445 3447
3445 3449 3446
3446 3450 3447
3447 3451
3448 3452 3449 3451
3449 3453 3450
3450 3454 3451
3451 3455
3452 3456 3453 3455
3453 3457 3454
3454 3458 3455
3455 3459
3456 3460 3457 3459
3457 3461 3458
3458 3462 3459
3459 3463
3460 3464 3461 3463
3461 3465 3462
3462 3466 3463
3463 3467
3464 3468 3465 3467
3465 3469 3466
3466 3470 3467
3467 3471
3468 3472 3469 3471
3469 3473 3470
3470 3474 3471
3471 3475
3472 3476 3473 3475
3473 3477 3474
3474 3478 3475
3475 3479
3476 3480 3477 3479
3477 3481 3478
3478 3482 3479
3479 3483
3480 3484 3481 3483
3481 3485 3482
3482 3486 3483
3483 3487
3484 3488 3485 3487
3485 3489 3486
3486 3490 3487
3487 3491
3488 3492 3489 3491
3489 3493 3490
3490 3494 3491
3491 3495
3492 3496 3493 3495
3493 3497 3494
3494 3498 3495
3495 3499
3496 3500 3497 3499
3497 3501 3498
3498 3502 3499
3499 3503
3500 3504 3501 3503
3501 3505 3502
3502 3506 3503
3503 3507
3504 3508 3505 3507
3505 3509 3506
3506 3510 3507
3507 3511
3508 3512 3509 3511
3509 3513 3510
3510 3514 3511
3511 3515
3512 3516 3513 3515
3513 3517 3514
3514 3518 3515
3515 3519
3516 3520 3517 3519
3517 3521 3518
3518 3522 3519
3519 3523
3520 3524 3521 3523
3521 3525 3522
3522 3526 3523
3523 3527
3524 3528 3525 3527
3525 3529 3526
3526 3530 3527
3527 3531
3528 3532 3529 3531
3529 3533 3530
3530 3534 3531
3531 3535
3532 3536 3533 3535
3533 3537 3534
3534 3538 3535
3535 3539
3536 3540 3537 3539
3537 3541 3538
3538 3542 3539
3539 3543
3540 3544 3541 3543
3541 3545 3542
3542 3546 3543
3543 3547
3544 3548 3545 3547
3545 3549 3546
3546 3550 3547
3547 3551
3548 3552 3549 3551
3549 3553 3550
3550 3554 3551
3551 3555
3552 3556 3553 3555
3553 3557 3554
3554 3558 3555
3555 3559
3556 3560 3557 3559
3557 3561 3558
3558 3562 3559
3559 3563
3560 3564 3561 3563
3561 3565 3562
3562 3566 3563
3563 3567
3564 3568 3565 3567
3565 3569 3566
3566 3570 3567
3567 3571
3568 3572 3569 3571
3569 3573 3570
3570 3574 3571
3571 3575
3572 3576 3573 3575
3573 3577 3574
3574 3578 3575
3575 3579
3576 3580 3577 3579
3577 3581 3578
3578 3582 3579
3579 3583
3580 3584 3581 3583
3581 3585 3582
3582 3586 3583
3583 3587
3584 3588 3585 3587
3585 3589 3586
3586 3590 3587
3587 3591
3588 3592 3589 3591
3589 3593 3590
3590 3594 3591
3591 3595
3592 3596 3593 3595
3593 3597 3594
3594 3598 3595
3595 3599
3596 3597 3599
3597 3598
3598 3599
3599
